#set div cal c14 c14sig calsig*
110 4 15675.0 12973 209 40
110 4 17245.0 14159 202 30
110 4 17680.0 14477 213 45
110 4 23630.0 19650 289 80
110 6 14210.0 12239 199 50
110 6 18210.0 14890 188 70
110 6 18860.0 15761 341 125
110 6 18970.0 16121 211 35
110 6 20570.0 16960 248 60
110 6 21935.0 18052 229 65
111 3 14251.0 12484 118 11
111 3 14295.0 12544 118 29
111 3 14396.0 12469 114 12
111 3 14396.0 12569 114 12
111 3 14408.0 12472 118 20
111 3 14408.0 12562 118 20
111 3 14539.0 12383 115 23
111 3 14573.0 12423 116 15
111 3 14596.0 12637 163 26
111 3 14596.0 12487 179 26
111 3 14596.0 12487 137 26
111 3 14685.0 12546 114 22
111 3 14685.0 12546 115 22
111 3 17580.0 14223 115 69
111 3 17580.0 14353 116 69
111 3 17935.0 14446 115 26
111 3 17935.0 14516 120 26
111 3 17996.0 14442 118 35
111 3 18116.0 14750 115 37
111 3 18116.0 14760 115 37
111 3 18116.0 14690 115 37
111 3 18116.0 14770 115 37
111 3 18174.0 14725 115 33
111 3 18176.0 14835 115 56
111 3 18218.0 14829 116 44
111 3 18408.0 14627 118 26
111 3 18408.0 14602 118 26
111 3 18494.0 14716 116 36
111 3 18494.0 14741 114 36
111 3 18617.0 15188 116 21
111 3 18716.0 15346 115 28
111 3 18716.0 15361 115 28
111 3 18806.0 15269 116 33
111 3 19075.0 15815 120 55
111 3 19075.0 15880 116 55
111 3 19203.0 15653 118 37
111 3 19203.0 15683 118 37
111 3 19203.0 15708 118 37
111 3 19337.0 15939 118 23
111 3 19421.0 15628 118 23
111 3 19421.0 15618 118 23
111 3 19434.0 16316 118 30
111 3 19434.0 16296 118 30
111 3 19443.0 16445 116 30
111 3 19450.0 15929 116 36
111 3 19450.0 15949 118 36
111 3 19483.0 16432 120 27
111 3 19544.0 15929 120 22
111 3 19595.0 16569 118 44
111 3 19595.0 16479 118 44
111 3 19627.0 16604 120 34
111 3 19638.0 16435 116 25
111 3 19638.0 16340 118 25
111 3 19677.0 16521 122 64
111 3 19677.0 16536 120 64
111 3 19678.0 16406 120 33
111 3 19735.0 16184 122 25
111 3 19735.0 16204 120 25
111 3 19913.0 16692 118 34
111 3 19913.0 16687 118 34
111 3 20082.0 16649 118 27
111 3 20082.0 16704 118 27
111 3 20085.0 16599 118 34
111 3 20469.0 17115 122 32
111 3 20575.0 17264 124 31
111 3 20614.0 17237 124 90
111 3 20632.0 17547 126 31
111 3 20634.0 17182 126 39
111 3 20714.0 17300 126 43
111 3 20734.0 17181 131 31
111 3 21714.0 17928 118 41
111 3 21714.0 17928 118 41
111 3 21802.0 17947 118 41
111 3 21858.0 17945 118 41
111 3 21972.0 18021 118 27
111 3 21972.0 18021 118 27
111 3 22160.0 18108 118 62
111 3 22536.0 18827 126 46
111 3 22536.0 18847 126 46
111 3 22574.0 18740 118 48
111 3 23039.0 19166 118 38
111 3 23044.0 19237 118 37
111 3 23296.0 19148 118 61
111 3 23858.0 19654 118 69
111 3 23867.0 19705 122 44
111 3 24560.0 20516 122 25
111 3 24560.0 20346 122 25
111 3 24560.0 20406 122 25
111 3 24560.0 20456 120 25
111 3 24883.0 20440 118 55
114 1 15945.0 13139 180 35
114 1 21606.0 17994 219 51
114 1 21970.0 17684 183 38
114 1 22127.0 18380 219 49
114 1 22260.0 18366 199 57
114 1 22690.0 19212 212 70
114 1 22709.0 19153 256 38
114 2 14221.0 12266 173 20
114 2 14259.0 12511 167 34
114 2 14358.0 12230 190 33
114 2 14565.0 12367 163 22
114 2 14866.0 12570 184 51
114 2 14870.0 12299 164 21
114 2 15278.0 12943 164 28
114 2 19623.0 16862 182 34
114 2 20385.0 16973 177 27
114 2 20559.0 17616 225 38
114 2 21568.0 18144 218 29
114 3 14611.0 12520 187 26
114 3 23644.0 19268 200 33
115 1 14207.0 12371 58 52
115 1 14230.0 12411 49 52
115 1 14252.0 12431 58 53
115 1 14297.0 12451 58 54
115 1 14319.0 12421 49 55
115 1 14341.0 12421 49 56
115 1 14369.0 12371 58 57
115 1 14401.0 12431 58 57
115 1 14432.0 12501 67 58
115 1 14432.0 12431 49 58
115 1 14459.0 12311 49 59
115 1 14459.0 12521 49 59
115 1 14486.0 12381 49 59
115 1 14486.0 12521 49 59
115 1 14513.0 12481 49 60
115 1 14513.0 12431 58 60
115 1 14540.0 12491 85 60
115 1 14540.0 12531 49 60
115 1 14567.0 12411 49 61
115 1 14567.0 12501 49 61
115 1 14594.0 12511 58 62
115 1 14594.0 12501 58 62
115 1 14621.0 12361 58 62
115 1 14648.0 12551 67 63
115 1 14673.0 12521 42 63
115 1 14673.0 12501 58 63
117 1 14220.8 12318 175 28
117 1 14239.0 12188 187 17
117 1 14277.7 12438 172 7
117 1 14284.2 12577 174 13
117 1 14312.5 12522 180 19
117 1 14348.0 12266 170 11
117 1 14350.1 12608 180 11
117 1 14359.0 12477 175 20
117 1 14477.7 12500 170 12
117 1 14490.1 12443 180 17
117 1 14518.6 12524 180 10
117 1 14531.3 12540 177 23
117 1 14581.6 12304 180 26
117 1 14587.9 12322 175 12
117 1 14609.0 12486 195 13
117 1 14719.8 12477 177 12
117 1 14747.7 12441 170 13
117 1 14769.0 12311 175 19
117 1 14793.4 12572 170 13
117 1 14801.2 12542 166 16
117 1 14853.0 12608 203 15
117 1 14901.2 12432 187 11
117 1 14911.8 12506 175 13
117 1 14994.2 12539 175 13
117 1 15145.7 12672 180 12
117 1 15146.8 12628 170 16
117 1 15232.4 12902 177 16
117 1 15309.6 12933 187 11
117 1 15511.8 13107 180 13
117 1 15743.5 13164 175 15
117 1 16087.2 13321 180 21
117 2 14456.0 12504 170 30
117 2 14663.0 12207 175 31
117 2 14734.4 12355 180 29
117 3 14273.0 12421 171 32
117 3 14338.0 12480 175 14
117 3 14417.7 12547 177 13
117 3 14515.9 12510 180 10
117 3 14555.0 12383 170 12
117 3 14650.3 12352 169 11
120 1 14193.1 12270 45 126
120 1 14312.0 12450 73 120
120 1 14312.0 12360 45 120
120 1 14428.2 12440 42 114
120 1 14541.5 12380 66 110
120 1 14541.5 12480 47 110
120 1 14651.7 12585 107 108
120 1 14758.7 12549 56 110
120 1 14758.7 12689 56 110
120 1 14862.6 12608 48 115
120 1 14862.6 12613 57 115
120 1 14963.9 12766 59 121
120 1 15062.7 12735 51 128
120 1 15062.7 12840 59 128
120 1 15159.4 12924 61 134
120 1 15159.4 12819 52 134
120 1 15254.0 13097 76 138
120 1 15347.0 13050 62 141
120 1 15438.3 13153 62 141
120 1 15528.4 13194 63 140
120 1 15617.2 13336 64 136
120 1 15704.9 13298 64 130
120 1 15791.8 13548 79 123
120 1 15791.8 13313 62 123
120 1 15791.8 13348 57 123
120 1 15877.9 13297 65 114
120 1 15877.9 13367 65 114
120 1 15877.9 13412 57 114
120 1 16132.6 13432 61 85
120 1 16216.7 13388 63 79
120 1 16300.3 13514 57 76
120 1 16300.3 13694 93 76
120 1 16382.9 13488 62 77
120 1 16464.4 13537 52 80
120 1 16464.4 13752 76 80
120 1 16544.4 13384 68 85
120 1 16699.9 13646 67 93
120 1 16848.7 13645 59 96
120 1 16920.4 13702 78 95
120 1 16920.4 13672 50 95
120 1 16990.0 13689 58 94
120 1 17122.6 13801 57 92
120 1 17185.4 13886 72 93
120 1 17185.4 13891 50 93
120 1 17246.0 13916 47 96
120 1 17246.0 13951 72 96
120 1 17305.1 14226 49 100
120 1 17305.1 14226 49 100
120 1 17305.1 14376 76 100
120 1 17363.0 13979 45 103
120 1 17363.0 14099 45 103
120 1 17420.2 14344 48 104
120 1 17477.1 14422 44 105
120 1 17534.2 14249 79 104
120 1 17534.2 14509 47 104
120 1 17591.7 14477 43 102
120 1 17650.2 14583 92 100
120 1 17650.2 14413 42 100
120 1 17710.1 14369 45 99
120 1 17771.8 14599 41 100
120 1 17835.6 14553 52 103
120 1 17835.6 14708 45 103
120 1 17835.6 14793 68 103
120 1 17901.7 14712 47 108
120 1 17970.2 14841 55 112
120 1 17970.2 14741 43 112
120 1 18041.4 15323 40 115
120 1 18115.4 15245 42 117
120 1 18115.4 15360 42 117
120 1 18192.4 15371 42 118
120 1 18272.6 14926 80 117
120 1 18272.6 15096 41 117
120 1 18356.4 15002 41 114
120 1 18443.8 15498 99 110
120 1 18443.8 15313 49 110
120 1 18443.8 15393 38 110
120 1 18535.3 15425 40 106
120 1 18670.7 15746 48 101
120 1 18670.7 15616 56 101
120 1 18670.7 15686 56 101
120 1 18836.9 15821 39 101
120 1 18836.9 15796 74 101
120 1 18947.0 16035 35 106
120 1 19061.2 15995 33 111
120 1 19061.2 16125 98 111
120 1 19179.0 16108 37 118
120 1 19299.7 16012 46 123
120 1 19299.7 16232 41 123
120 1 19422.9 16288 45 128
120 1 19547.9 16407 92 131
120 1 19547.9 16452 33 131
120 1 19674.2 16309 41 131
120 1 19801.4 16384 55 130
120 1 19801.4 16424 55 130
120 1 19928.9 16621 93 127
120 1 19928.9 16511 37 127
120 1 20056.1 16591 41 123
120 1 20182.6 16715 33 118
120 1 20182.6 16795 88 118
120 1 20307.9 16765 41 113
120 1 20431.3 16836 41 109
120 1 20431.3 16726 83 109
120 1 20552.4 17054 41 109
120 1 20670.7 17132 34 113
120 1 20670.7 17312 93 113
120 1 20786.2 17176 42 121
120 1 20899.0 17540 42 132
120 1 20899.0 17480 46 132
120 1 21009.5 17398 64 144
120 1 21009.5 17538 55 144
120 1 21117.7 17567 42 156
120 1 21117.7 17642 51 156
120 1 21223.9 17560 42 168
120 1 21223.9 17495 42 168
120 1 21328.3 17831 46 179
120 1 21328.3 17881 42 179
120 1 21430.9 17749 38 189
120 1 21532.0 17704 112 197
120 1 21631.6 17910 42 203
120 1 21730.0 17845 93 208
120 1 21827.1 18048 47 211
120 1 21923.3 18181 47 212
120 1 22018.4 18172 84 211
120 1 22018.4 18302 55 211
120 1 22112.7 18338 42 209
120 1 22206.3 18502 83 205
120 1 22299.2 18630 46 200
120 1 22391.5 18817 51 193
120 1 22483.4 18812 103 186
120 1 22574.8 18597 47 178
120 1 22665.9 18650 65 171
120 1 22665.9 18760 47 171
120 1 22756.8 18860 47 165
120 1 22756.8 18930 47 165
120 1 22847.5 18705 43 160
120 1 22847.5 18660 47 160
120 1 22938.1 19116 51 159
120 1 22938.1 19216 56 159
120 1 22938.1 19096 47 159
120 1 23028.6 19188 48 160
120 1 23028.6 19413 103 160
120 1 23119.0 19252 44 162
120 1 23209.4 19500 114 166
120 1 23209.4 19430 49 166
120 1 23299.5 19301 50 171
120 1 23389.5 19531 96 174
120 1 23479.3 19614 52 177
120 1 23568.8 19257 53 179
120 1 23568.8 19317 57 179
120 1 23658.0 19838 58 180
120 1 23747.0 19978 103 178
120 1 23835.6 20022 72 175
120 1 23835.6 20112 72 175
120 1 23923.8 20245 136 170
120 1 23923.8 20045 65 170
120 1 24011.6 20038 55 164
120 1 24099.0 20009 105 156
120 1 24099.0 20119 67 156
120 1 24185.8 20426 58 147
120 1 24185.8 20511 61 147
120 1 24272.1 20401 62 138
120 1 24272.1 20371 110 138
120 1 24357.9 20196 60 128
120 1 24357.9 20191 77 128
120 1 24443.0 20402 60 119
120 1 24443.0 20532 107 119
120 1 24527.4 20407 67 111
120 1 24611.2 20456 61 107
120 1 24694.2 20580 78 105
120 1 24776.6 20656 63 106
120 1 24858.6 20651 66 107
120 1 24940.2 20836 62 108
120 1 24940.2 20751 84 108
120 1 25021.5 20717 68 108
120 1 25021.5 20962 92 108
120 1 25102.7 21084 110 107
120 1 25102.7 21194 75 107
120 1 25183.9 21326 66 106
120 1 25183.9 21146 59 106
120 1 25183.9 21146 74 106
120 1 25265.1 21213 65 105
120 1 25265.1 21163 58 105
120 1 25346.6 21117 57 106
120 1 25346.6 21222 127 106
120 1 25428.3 21256 63 110
120 1 25510.5 21382 80 117
120 1 25593.0 21414 54 126
120 1 25676.1 21393 57 137
120 1 25676.1 21348 69 137
120 1 25759.5 21638 52 148
120 1 25843.5 21594 56 159
120 1 25927.9 22112 125 169
120 1 25927.9 22092 56 169
120 1 26012.8 21961 53 178
120 1 26098.3 22031 57 186
120 1 26098.3 21871 125 186
120 1 26184.4 21788 54 192
120 1 26184.4 21963 58 192
120 1 26271.1 22186 62 196
120 1 26358.6 22190 62 198
120 1 26358.6 22185 164 198
120 1 26446.9 22655 62 199
120 1 26446.9 22600 58 199
120 1 26536.0 22476 62 198
120 1 26536.0 22306 164 198
120 1 26626.0 22304 55 195
120 1 26717.1 22322 59 191
120 1 26809.3 22507 80 185
120 1 26809.3 22382 63 185
120 1 26902.8 22403 64 178
120 1 26997.6 22860 127 170
120 1 27094.0 22588 73 162
120 1 27094.0 22688 81 162
120 1 27192.0 22897 65 154
120 1 27231.7 23271 156 151
120 1 27292.0 23227 82 146
120 1 27394.5 23259 90 138
120 1 27394.5 23589 127 138
120 1 27500.3 23142 73 130
120 1 27587.5 23914 175 124
120 1 27609.8 23067 82 122
120 1 27723.7 24093 81 115
120 1 27770.7 24040 194 112
120 1 27842.8 23851 146 108
120 1 27967.6 24151 73 103
120 1 28072.1 23989 146 100
120 1 28098.9 24033 99 100
120 1 28236.4 24198 73 100
120 1 28378.2 24344 155 101
120 1 28378.2 24134 108 101
120 1 28522.7 24231 89 103
120 1 28551.7 24276 136 103
120 1 28667.9 24188 80 106
120 1 28812.0 24554 72 111
120 1 28953.3 24524 64 117
120 1 28953.3 24849 146 117
120 1 29090.0 24612 73 126
120 1 29195.2 25390 136 136
120 1 29195.2 25160 73 136
120 1 29346.2 25292 146 154
120 1 29418.9 25372 127 163
120 1 29581.7 25303 146 187
120 1 29626.6 25598 109 194
120 1 29692.7 25375 156 204
120 1 29799.6 25876 215 222
120 1 29861.9 26272 147 232
120 1 29902.8 25875 176 239
120 1 30099.4 26292 186 271
120 1 30099.4 26212 186 271
120 1 30193.4 26499 186 286
120 1 30302.9 26208 148 302
120 1 30495.8 26221 187 327
120 1 30546.9 26074 167 333
120 1 30664.2 26600 95 345
120 1 30680.8 26301 103 347
120 1 30697.3 26332 149 348
120 1 30763.1 26294 187 354
120 1 30812.0 26835 159 357
120 1 30844.5 26666 178 359
120 1 30860.7 26737 178 360
120 1 30957.5 27308 89 364
120 1 31037.9 27539 217 366
120 1 31134.4 27278 124 367
120 1 31231.3 27437 237 365
120 1 31329.0 28175 218 362
120 1 31329.0 27885 100 362
120 1 31461.5 28071 101 354
120 1 31461.5 28231 238 354
120 1 31614.8 28124 191 340
120 1 31614.8 28244 102 340
120 1 31720.2 28319 192 329
120 1 31810.6 28614 221 318
120 1 31866.1 28511 202 311
120 1 32160.1 28369 242 271
120 1 32420.7 28268 196 237
120 1 32513.7 28360 281 228
120 1 32561.5 28866 161 223
120 1 32610.2 27752 234 219
120 1 32634.9 28800 136 218
120 1 32659.8 28558 153 216
120 1 32735.9 28541 179 212
120 1 32735.9 28911 179 212
120 1 32866.3 28901 138 209
120 1 32892.8 28729 189 209
120 1 33000.4 28810 116 210
120 1 33109.6 28811 245 212
120 1 33137.0 29089 138 213
120 1 33247.5 29191 116 218
120 1 33386.2 29380 254 225
120 1 33524.6 29191 138 231
120 1 33661.5 29453 138 236
120 1 33769.4 29456 190 238
120 1 33901.3 29249 123 239
120 1 33901.3 29209 146 239
120 1 34153.2 29688 171 233
120 1 34250.0 29774 180 231
120 1 34484.4 29768 226 230
120 1 34688.5 30264 189 230
120 1 34908.5 30531 189 231
120 1 35015.5 30631 330 232
120 1 35202.3 30721 130 238
120 1 35302.7 30191 190 243
120 1 35302.7 30921 302 243
120 1 35495.0 31482 264 252
120 1 35658.2 31315 201 254
120 1 35898.0 31177 168 246
120 1 36144.1 31491 204 231
120 1 36290.3 31624 278 224
120 1 36454.8 31838 260 221
120 1 36607.1 32080 225 222
120 1 36694.1 31061 308 225
120 1 36782.7 32283 234 227
120 1 36945.8 32316 244 230
120 1 37038.0 32487 160 230
120 1 37131.2 32399 300 229
120 1 37206.3 32901 328 228
120 1 37300.8 32663 376 225
120 1 37395.9 33024 246 221
120 1 37491.4 33076 170 215
120 1 37568.0 32788 202 210
120 1 37759.9 33032 246 196
120 1 37855.9 33134 264 188
120 1 38028.3 33478 301 174
120 1 38123.7 33040 338 167
120 1 38313.2 33596 264 162
120 1 38482.3 33711 210 168
120 1 38669.4 34199 385 183
120 1 38669.4 33589 185 183
120 1 38744.2 33513 453 190
120 1 38744.2 33713 272 190
120 1 38932.1 33911 318 210
120 1 39026.8 34156 433 220
120 1 39199.2 34836 346 236
120 1 39199.2 34346 183 236
120 1 39395.0 34458 242 252
120 1 39576.4 34489 336 262
120 1 39892.6 34969 403 274
120 1 39979.6 34965 181 276
120 1 40200.8 35889 394 282
120 1 40200.8 34569 183 282
120 1 40313.0 34915 184 284
120 1 40403.3 35200 236 286
120 1 40630.6 35712 386 289
120 1 40858.8 35803 198 290
120 1 40950.1 36328 417 289
120 1 41063.9 36363 342 287
120 1 41267.8 37041 516 278
120 1 41491.9 36760 293 262
120 1 41690.3 37197 238 241
120 1 41690.3 37617 510 241
120 1 41906.2 37924 326 222
120 1 42012.2 38168 457 217
120 1 42095.9 38421 270 217
120 1 42199.2 37984 422 219
120 1 42301.1 39178 545 223
120 1 42482.6 38903 388 227
120 1 42684.8 39449 491 225
120 1 42977.0 40698 704 208
120 1 43538.8 40505 489 155
120 1 44228.1 41434 673 126
120 1 44888.9 41530 557 175
120 1 45392.6 41712 692 231
120 1 45851.8 44183 743 257
120 1 46313.3 44283 945 244
120 1 46850.0 44734 786 201
120 1 47544.6 45806 1135 158
120 1 48370.5 46460 969 157
120 1 49236.4 47029 1315 199
120 1 49969.2 47634 1165 282
120 1 50588.7 47636 1255 370
120 1 51133.4 47535 1572 449
120 1 51610.7 49331 1795 512
120 1 52080.9 47127 1506 563
120 1 53041.4 49310 2011 630
120 1 53927.3 49288 2051 650
120 1 54858.6 49869 2196 641
120 1 55803.0 48950 2088 618
120 1 56991.1 51627 1830 562
120 1 56991.1 52527 1760 562
120 1 57998.9 54207 2061 470
120 1 57998.9 53007 2202 470
120 1 59011.8 56286 2527 337
120 1 60007.4 53966 2738 290
120 1 60007.4 54166 2493 290
120 1 60917.3 50248 3439 443
120 1 60917.3 51848 3512 443
120 1 61806.2 56030 3543 596
120 1 61806.2 56430 5418 596
121 1 14891.0 13007 172 120
121 1 14913.0 12955 170 121
121 1 15372.0 13275 176 155
121 1 16615.0 14071 170 176
121 1 16637.0 14018 174 175
121 1 17112.0 14405 180 143
121 1 19117.0 15678 184 232
121 1 19604.0 16127 190 271
121 1 21867.0 18019 190 276
121 1 23436.0 19374 265 129
121 1 24418.0 20153 195 86
121 1 25962.0 21466 195 96
121 1 26026.0 21473 207 98
121 1 27959.0 24154 314 108
121 1 28135.0 24102 201 105
121 1 28851.0 25011 332 106
121 1 29691.0 25390 201 117
121 1 29720.0 25188 195 118
121 1 32526.0 28374 422 195
121 1 33298.0 28893 289 207
121 1 33409.0 28941 213 210
121 1 33819.0 29175 394 224
121 1 35360.0 31701 450 241
121 1 35752.0 31084 394 244
121 1 35864.0 31554 249 243
121 1 37712.0 33737 738 172
121 1 37880.0 33152 459 165
121 1 38276.0 33100 281 152
121 1 38679.0 34566 487 147
121 1 39337.0 34845 516 153
121 1 40300.0 35057 621 179
121 1 40739.0 35651 983 195
121 1 41576.0 36628 699 214
121 1 42920.0 39564 459 172
121 1 43234.0 40530 1132 159
121 1 43298.0 41364 1112 157
121 1 45854.0 46250 973 139
121 1 46148.0 44515 1708 137
121 1 46443.0 44516 787 134
121 1 46550.0 46215 1807 133
121 1 49249.0 47496 1409 194
122 1 14400.0 12408 167 110
122 1 14820.0 12320 167 110
122 1 16010.0 13406 167 100
122 1 16070.0 13347 176 100
122 1 18290.0 15451 172 170
122 1 18310.0 15361 180 180
122 1 21510.0 17574 176 240
122 1 23640.0 19165 180 136
122 1 23648.0 19484 201 135
122 1 24038.0 19750 184 117
122 1 24063.0 19892 207 117
122 1 26197.0 21843 184 127
122 1 26223.0 21765 227 128
122 1 28907.0 24288 332 132
122 1 28942.0 24498 201 132
122 1 30083.0 25701 297 258
122 1 30110.0 25901 207 259
122 1 32335.0 27904 220 242
122 1 32520.0 28001 358 235
122 1 33702.0 28411 227 284
122 1 33741.0 28696 394 287
122 1 38827.0 33781 332 231
122 1 38842.0 32988 718 233
122 1 44465.0 41937 954 163
122 1 44465.0 40247 1409 163
