set div cal c14 c14sig calsig
1 4 50.0 122 12 1
1 4 55.0 117 13 1
1 4 60.0 154 9 1
1 4 64.5 156 14 2
1 4 71.0 151 7 1
1 4 75.5 178 11 2
1 4 80.0 180 11 1
1 4 86.0 171 14 1
1 4 90.0 163 13 1
1 4 95.0 148 10 1
1 4 100.0 155 11 1
1 4 105.0 142 15 1
1 4 110.0 180 15 1
1 4 115.0 124 14 1
2 1 61.0 121 19 3
2 1 64.0 115 19 3
2 1 67.0 135 19 3
2 1 70.0 134 19 3
2 1 73.0 136 19 3
2 1 76.0 163 18 3
2 1 76.0 174 18 3
2 1 79.0 144 18 3
2 1 82.0 119 19 3
2 1 85.0 115 19 3
2 1 85.0 146 21 3
2 1 88.0 110 19 3
2 1 94.0 142 20 3
2 1 97.0 132 20 3
2 1 100.0 160 18 3
2 1 100.0 141 15 3
2 1 237.0 149 19 5
2 1 242.0 146 22 5
2 1 247.0 160 24 5
2 1 247.0 128 19 5
2 1 252.0 139 21 5
2 1 252.0 165 18 5
2 1 257.0 181 19 5
2 1 262.0 163 19 5
2 2 103.0 170 18 5
2 2 107.5 164 13 5
2 2 112.5 156 17 5
2 2 117.5 143 14 5
2 2 122.5 107 18 5
2 2 126.5 104 16 2
2 2 131.0 96 18 3
2 2 133.0 120 17 1
2 2 134.0 131 18 1
2 2 135.0 142 18 1
2 2 136.5 156 17 2
2 2 138.0 134 18 1
2 2 139.0 136 18 1
2 2 140.0 149 20 1
2 2 141.5 160 15 2
2 2 143.5 185 18 2
2 2 145.0 173 19 1
2 2 146.0 170 18 1
2 2 147.5 165 19 2
2 2 149.5 177 18 2
2 2 149.5 211 18 2
2 2 151.5 198 14 2
2 2 153.5 240 19 2
2 2 155.5 225 19 2
2 2 155.5 223 18 2
2 2 157.5 267 19 2
2 2 159.5 253 19 2
2 2 161.5 226 19 2
2 2 163.5 242 15 2
2 2 165.5 208 19 2
2 2 165.5 236 19 2
2 2 167.5 238 19 2
2 2 169.5 224 18 2
2 2 171.5 219 19 2
2 2 171.5 207 15 2
2 2 174.0 218 19 3
2 2 174.0 197 18 3
2 2 177.5 206 16 5
2 2 178.0 243 18 5
2 2 183.0 235 18 5
2 2 188.0 212 18 5
2 2 193.0 190 18 5
2 2 198.0 236 18 5
2 2 203.0 214 19 5
2 2 208.0 215 18 5
2 2 213.0 202 18 5
2 2 218.0 203 19 5
2 2 223.0 169 15 5
2 2 227.5 169 18 4
2 2 230.0 155 18 1
2 2 231.0 134 18 1
2 2 232.0 145 18 1
2 2 233.0 137 18 1
2 2 234.0 151 15 1
2 2 234.0 134 16 1
2 2 235.0 123 12 1
2 2 235.0 132 14 1
2 2 236.0 136 16 1
2 2 237.0 149 19 1
2 2 238.0 140 17 1
2 2 239.0 144 19 1
2 2 240.0 145 17 1
2 2 241.0 142 17 1
2 2 241.0 170 19 1
2 2 242.0 187 18 1
2 2 242.0 166 20 1
2 2 243.0 149 17 1
2 2 244.0 132 17 1
2 2 244.0 143 17 1
2 2 245.5 175 17 2
2 2 245.5 159 17 2
2 2 247.0 152 17 1
2 2 248.0 151 19 1
2 2 249.0 154 17 1
2 2 250.0 127 17 1
2 2 250.0 172 17 1
2 2 251.0 156 18 1
2 2 252.0 177 17 1
2 2 253.0 161 17 1
2 2 254.0 146 17 1
2 2 254.0 172 17 1
2 2 255.0 188 19 1
2 2 256.0 135 22 1
2 2 257.0 188 17 1
2 2 258.0 172 27 1
2 2 259.5 165 20 2
2 2 261.5 172 20 2
2 2 263.5 196 17 2
2 2 265.5 171 20 2
2 2 267.5 176 17 2
2 2 269.5 178 17 2
2 2 271.5 192 17 2
2 2 273.5 187 22 2
2 2 273.5 208 17 2
2 2 276.0 219 17 3
2 2 279.0 205 26 3
2 2 285.5 271 22 10
2 3 2.0 201 19 3
2 3 2.0 169 17 3
2 3 2.0 123 20 3
2 3 5.0 132 18 3
2 3 5.0 148 22 3
2 3 5.0 150 18 3
2 3 8.0 168 20 3
2 3 8.0 128 19 3
2 3 11.0 135 20 3
2 3 14.0 168 15 3
2 3 17.0 152 20 3
2 3 20.0 158 19 3
2 3 23.0 159 19 3
2 3 26.0 157 20 3
2 3 29.0 129 18 3
2 3 32.0 100 19 3
2 3 35.0 117 18 3
2 3 38.0 116 19 3
2 3 41.0 121 18 3
2 3 44.0 118 18 3
2 3 47.0 90 16 3
2 3 50.0 115 20 3
2 4 -8.0 187 19 5
2 4 -3.0 177 19 5
2 4 2.0 164 19 5
2 4 7.0 162 18 5
2 4 12.0 146 18 5
2 4 17.0 158 18 5
2 4 22.0 123 19 5
2 4 27.0 133 19 5
2 4 32.0 125 19 5
2 4 37.0 166 17 5
2 4 37.0 134 14 5
2 4 42.0 130 18 5
2 4 42.0 137 18 5
2 4 47.0 164 18 5
2 4 47.0 133 14 5
2 4 52.0 84 19 5
2 4 52.0 137 19 5
3 1 234.5 122 17 10
3 1 244.5 155 21 10
3 1 254.5 147 18 10
3 1 264.5 198 18 10
3 1 274.5 212 18 10
3 1 284.5 237 18 10
3 1 294.5 260 18 10
3 1 304.5 311 18 10
3 1 314.5 350 17 10
3 1 324.5 369 17 10
3 1 334.5 391 17 10
3 1 344.5 414 17 10
3 1 354.5 397 17 10
3 1 364.5 380 17 10
3 1 374.5 381 17 10
3 1 384.5 348 18 10
3 1 394.5 361 18 10
3 1 404.5 359 18 10
3 1 414.5 362 17 10
3 1 424.5 352 17 10
3 1 434.5 338 17 10
3 1 444.5 380 17 10
3 1 454.5 401 18 10
3 1 464.5 405 17 10
3 1 474.5 435 18 10
3 1 484.5 408 17 10
3 1 494.5 455 17 10
3 1 504.5 477 18 10
3 1 504.5 506 18 10
3 1 514.5 515 18 10
3 1 514.5 533 18 10
3 1 524.5 549 18 10
3 1 524.5 537 18 10
3 1 534.5 550 18 10
3 1 534.5 554 20 10
3 1 544.5 584 18 10
3 1 544.5 602 20 10
3 1 554.5 624 18 10
3 1 564.5 676 18 10
3 1 574.5 710 18 10
3 1 584.5 707 18 10
3 1 594.5 675 17 10
3 1 604.5 658 17 10
3 1 614.5 632 18 10
3 1 624.5 632 18 10
3 1 634.5 693 18 10
3 1 644.5 707 18 10
3 1 654.5 722 18 10
3 1 664.5 755 18 10
3 1 674.5 781 20 10
3 1 684.5 811 18 10
3 1 694.5 848 18 10
3 1 704.5 849 17 10
3 1 714.5 820 17 10
3 1 724.5 843 18 10
3 1 734.5 883 18 10
3 1 744.5 913 17 10
3 1 754.5 930 18 10
3 1 764.5 912 16 10
3 1 774.5 931 16 10
3 1 784.5 927 17 10
3 1 794.5 961 18 10
3 1 804.5 966 18 10
3 1 814.5 971 18 10
3 1 824.5 982 20 10
3 1 834.5 977 18 10
3 1 844.5 1001 15 10
3 1 854.5 1003 20 10
3 1 864.5 996 20 10
3 1 874.5 949 20 10
3 1 884.5 971 20 10
3 1 894.5 964 20 10
3 1 904.5 1001 17 10
3 1 914.5 1008 16 10
3 1 924.5 1024 17 10
3 1 934.5 1098 18 10
3 1 944.5 1073 20 10
3 1 954.5 1051 18 10
3 1 964.5 1165 18 10
3 1 974.5 1157 18 10
3 1 984.5 1166 18 10
3 1 994.5 1162 18 10
3 2 1954.5 2057 20 10
3 2 1964.5 2051 20 10
3 2 1974.5 2031 20 10
3 2 1984.5 2036 20 10
3 2 1994.5 2046 20 10
3 2 2004.5 2067 20 10
3 2 2014.5 2133 20 10
3 2 2024.5 2155 20 10
3 2 2034.5 2133 20 10
3 2 2044.5 2130 17 10
3 2 2054.5 2142 16 10
3 2 2064.5 2147 17 10
3 2 2074.5 2158 17 10
3 2 2084.5 2142 17 10
3 2 2094.5 2177 16 10
3 2 2104.5 2186 17 10
3 2 2114.5 2189 17 10
3 2 2124.5 2190 18 10
3 2 2134.5 2203 18 10
3 2 2144.5 2252 18 10
3 3 1794.5 1913 20 10
3 3 1804.5 1883 20 10
3 3 1814.5 1890 20 10
3 3 1824.5 1921 20 10
3 3 1834.5 1943 20 10
3 3 1844.5 1972 20 10
3 3 1854.5 1952 19 10
3 3 1864.5 1946 21 10
3 3 1874.5 1977 20 10
3 3 1884.5 1971 19 10
3 3 1894.5 1985 19 10
3 3 1904.5 1991 21 10
3 3 1914.5 2013 20 10
3 3 1924.5 1996 20 10
3 3 1934.5 2055 20 10
3 3 1944.5 2061 20 10
3 4 1274.5 1410 19 10
3 4 1284.5 1393 19 10
3 4 1294.5 1405 18 10
3 4 1304.5 1477 19 10
3 4 1314.5 1481 19 10
3 4 1324.5 1510 19 10
3 4 1334.5 1504 18 10
3 4 1344.5 1495 19 10
3 4 1354.5 1528 19 10
3 4 1364.5 1537 19 10
3 4 1374.5 1552 19 10
3 4 1384.5 1590 19 10
3 4 1394.5 1539 19 10
3 4 1404.5 1563 19 10
3 4 1414.5 1583 19 10
3 4 1424.5 1604 18 10
3 4 1434.5 1620 19 10
3 4 1444.5 1600 19 10
3 4 1454.5 1628 19 10
3 4 1464.5 1599 19 10
3 4 1474.5 1618 21 10
3 4 1484.5 1621 20 10
3 4 1494.5 1628 20 10
3 4 1504.5 1619 20 10
3 4 1514.5 1610 20 10
3 4 1524.5 1629 20 10
3 4 1534.5 1658 20 10
3 4 1544.5 1696 20 10
3 4 1554.5 1703 20 10
3 4 1564.5 1714 20 10
3 4 1574.5 1724 20 10
3 4 1584.5 1743 20 10
3 4 1594.5 1762 20 10
3 4 1604.5 1745 20 10
3 4 1614.5 1747 20 10
3 4 1624.5 1781 20 10
3 4 1634.5 1786 20 10
3 4 1644.5 1791 20 10
3 4 1654.5 1793 20 10
3 4 1664.5 1750 19 10
3 4 1674.5 1751 23 10
3 4 1684.5 1758 22 10
3 4 1694.5 1788 19 10
3 4 1704.5 1823 20 10
3 4 1714.5 1813 20 10
3 4 1724.5 1847 19 10
3 4 1734.5 1862 20 10
3 4 1744.5 1862 19 10
3 4 1754.5 1928 19 10
3 4 1764.5 1897 20 10
3 4 1774.5 1892 20 10
3 4 1784.5 1894 19 10
3 5 954.5 1112 18 10
3 5 964.5 1149 18 10
3 5 974.5 1120 19 10
3 5 984.5 1187 19 10
3 5 994.5 1174 19 10
3 5 1004.5 1200 19 10
3 5 1014.5 1197 20 10
3 5 1024.5 1147 19 10
3 5 1034.5 1156 18 10
3 5 1044.5 1158 18 10
3 5 1054.5 1163 18 10
3 5 1064.5 1223 20 10
3 5 1074.5 1235 20 10
3 5 1084.5 1228 19 10
3 5 1094.5 1241 20 10
3 5 1104.5 1237 20 10
3 5 1114.5 1259 20 10
3 5 1124.5 1294 19 10
3 5 1134.5 1258 19 10
3 5 1144.5 1247 19 10
3 5 1154.5 1246 19 10
3 5 1164.5 1268 20 10
3 5 1174.5 1240 20 10
3 5 1184.5 1345 20 10
3 5 1194.5 1363 19 10
3 5 1204.5 1353 18 10
3 5 1214.5 1322 19 10
3 5 1224.5 1318 19 10
3 5 1234.5 1320 19 10
3 5 1244.5 1319 19 10
3 5 1254.5 1311 19 10
3 5 1264.5 1314 20 10
3 6 1074.5 1267 15 10
3 6 1094.5 1273 15 10
3 6 1114.5 1276 15 10
3 6 1124.5 1267 17 10
3 6 1154.5 1255 17 10
3 6 1164.5 1246 17 10
3 6 1174.5 1252 17 10
3 6 1194.5 1353 17 10
3 6 1204.5 1346 17 10
3 7 14.5 173 20 10
3 7 24.5 178 19 10
3 7 34.5 136 20 10
3 7 44.5 147 19 10
3 7 54.5 120 17 10
3 7 64.5 158 18 10
3 7 74.5 167 17 10
3 7 84.5 155 19 10
3 7 94.5 180 19 10
3 7 104.5 165 20 10
3 7 114.5 141 18 10
3 7 124.5 140 20 10
3 7 134.5 129 20 10
3 7 144.5 176 19 10
3 7 154.5 242 20 10
3 7 164.5 246 19 10
3 7 174.5 218 19 10
3 7 184.5 248 20 10
3 7 194.5 224 18 10
3 7 204.5 232 19 10
3 7 214.5 213 19 10
3 7 224.5 162 20 10
3 8 4.5 187 13 10
3 8 14.5 166 21 10
3 8 24.5 140 21 10
3 8 34.5 104 13 10
3 8 44.5 117 20 10
3 8 54.5 117 20 10
3 8 64.5 166 19 10
3 8 74.5 140 20 10
3 8 84.5 128 21 10
3 8 94.5 112 20 10
3 8 104.5 147 21 10
3 8 114.5 180 23 10
3 8 124.5 136 22 10
3 8 134.5 141 22 10
3 8 144.5 193 23 10
3 8 154.5 203 13 10
3 8 164.5 249 15 10
3 8 174.5 212 23 10
3 8 184.5 217 23 10
3 8 194.5 233 23 10
3 8 204.5 204 24 10
3 8 214.5 188 24 10
3 8 224.5 170 22 10
3 8 234.5 165 23 10
3 8 244.5 132 23 10
3 9 4.5 155 20 10
3 9 14.5 177 20 10
3 9 24.5 148 14 10
3 9 34.5 139 24 10
3 9 44.5 130 21 10
3 9 54.5 127 19 10
3 9 64.5 141 20 10
3 9 74.5 162 20 10
3 9 84.5 124 21 10
3 9 94.5 157 19 10
3 9 104.5 157 20 10
3 9 114.5 161 24 10
3 9 124.5 154 25 10
3 9 134.5 148 22 10
3 9 144.5 185 22 10
3 9 154.5 197 13 10
3 9 164.5 225 19 10
3 9 174.5 208 25 10
3 9 184.5 217 22 10
3 9 194.5 246 22 10
3 9 204.5 250 24 10
3 9 214.5 199 26 10
3 9 224.5 210 23 10
3 9 234.5 167 24 10
3 9 244.5 167 22 10
3 10 123.0 136 17 5
3 10 123.0 121 16 5
3 10 128.0 165 16 5
3 10 128.0 141 14 5
3 10 133.0 140 17 5
3 10 133.0 160 15 5
3 10 138.0 159 16 5
3 10 138.0 141 14 5
3 10 143.0 221 18 5
3 10 143.0 212 14 5
3 10 148.0 220 15 5
3 10 148.0 237 14 5
3 10 153.0 220 17 5
3 10 153.0 256 14 5
3 10 158.0 262 16 5
3 10 158.0 264 17 5
3 10 163.0 265 16 5
3 10 163.0 250 14 5
3 10 168.0 255 16 5
3 10 168.0 224 15 5
3 10 173.0 220 16 5
3 10 173.0 217 14 5
3 10 178.0 239 16 5
3 10 178.0 234 13 5
3 10 183.0 235 17 5
3 10 183.0 238 14 5
3 10 188.0 209 16 5
3 10 188.0 206 13 5
3 10 193.0 214 16 5
3 10 193.0 203 14 5
3 10 198.0 213 16 5
3 10 198.0 219 16 5
3 10 203.0 233 15 5
3 10 203.0 229 15 5
3 10 208.0 232 18 5
3 10 208.0 220 14 5
3 10 213.0 204 18 5
3 10 213.0 224 14 5
3 10 218.0 200 16 5
3 10 218.0 203 13 5
3 10 223.0 156 17 5
3 10 223.0 181 13 5
3 10 228.0 166 15 5
3 10 228.0 155 16 5
3 10 233.0 147 16 5
3 10 233.0 156 15 5
3 10 238.0 150 16 5
3 10 238.0 137 13 5
3 10 243.0 152 16 5
3 10 243.0 158 13 5
3 10 248.0 147 15 5
3 10 248.0 159 14 5
3 10 253.0 160 21 5
3 10 253.0 172 14 5
3 10 258.0 183 15 5
3 10 258.0 176 13 5
3 10 263.0 217 16 5
3 10 263.0 177 16 5
3 10 268.0 224 15 5
3 10 268.0 218 14 5
3 10 273.0 205 16 5
3 10 273.0 206 18 5
3 10 278.0 230 16 5
3 10 278.0 227 14 5
3 10 283.0 241 16 5
3 10 283.0 258 13 5
3 10 288.0 253 16 5
3 10 288.0 274 13 5
3 10 293.0 286 15 5
3 10 293.0 273 13 5
3 10 298.0 282 15 5
3 10 298.0 275 13 5
4 1 504.5 513 20 10
4 1 514.5 533 17 10
4 1 524.5 538 20 10
4 1 534.5 580 18 10
4 1 544.5 587 17 10
4 1 554.5 629 21 10
4 1 564.5 669 19 10
4 1 574.5 722 19 10
4 1 584.5 708 18 10
4 1 594.5 686 17 10
4 1 604.5 638 17 10
4 1 614.5 649 18 10
4 1 624.5 646 18 10
4 1 634.5 695 14 10
4 1 644.5 678 18 10
4 1 654.5 722 18 10
4 1 664.5 753 20 10
4 1 674.5 809 19 10
4 1 684.5 850 17 10
4 1 694.5 838 17 10
4 1 704.5 795 19 10
4 1 714.5 818 20 10
4 1 724.5 846 18 10
4 1 734.5 883 20 10
4 1 744.5 896 18 10
4 1 754.5 867 20 10
4 1 764.5 887 17 10
4 1 774.5 950 17 10
4 1 784.5 906 18 10
4 1 794.5 937 16 10
4 1 804.5 996 16 10
4 1 814.5 1008 16 10
4 1 824.5 1022 18 10
4 1 834.5 1001 19 10
4 1 844.5 1000 18 10
4 1 854.5 1019 18 10
4 1 864.5 1001 17 10
4 1 874.5 956 20 10
4 1 884.5 983 20 10
4 1 894.5 919 19 10
4 1 904.5 1017 17 10
4 1 914.5 1018 19 10
4 1 924.5 1072 19 10
4 1 934.5 1104 17 10
4 1 944.5 1090 17 10
4 1 954.5 1105 19 10
4 1 964.5 1119 17 10
4 1 974.5 1149 17 10
4 1 984.5 1169 19 10
4 1 994.5 1191 20 10
4 2 234.5 129 16 10
4 2 244.5 136 20 10
4 2 254.5 167 20 10
4 2 264.5 188 21 10
4 2 274.5 205 17 10
4 2 284.5 261 16 10
4 2 294.5 238 16 10
4 2 304.5 284 17 10
4 2 314.5 303 17 10
4 2 324.5 323 17 10
4 2 334.5 378 18 10
4 2 344.5 391 25 10
4 2 354.5 377 19 10
4 2 364.5 344 19 10
4 2 374.5 335 18 10
4 2 384.5 355 16 10
4 2 394.5 368 18 10
4 2 404.5 344 19 10
4 2 414.5 317 19 10
4 2 424.5 336 18 10
4 2 434.5 349 18 10
4 2 444.5 374 18 10
4 2 454.5 417 18 10
4 2 464.5 402 17 10
4 2 474.5 424 20 10
4 2 484.5 409 17 10
4 2 494.5 455 17 10
4 2 504.5 500 17 10
4 2 514.5 519 17 10
4 2 524.5 553 17 10
4 2 534.5 569 17 10
4 2 544.5 577 21 10
4 3 4.5 168 18 10
4 3 14.5 146 21 10
4 3 24.5 165 19 10
4 3 34.5 101 19 10
4 3 44.5 108 17 10
4 3 54.5 138 17 10
4 3 64.5 152 20 10
4 3 74.5 142 13 10
4 3 84.5 165 14 10
4 3 94.5 152 20 10
4 3 104.5 146 20 10
4 3 114.5 159 20 10
4 3 124.5 151 19 10
4 3 134.5 154 19 10
4 3 144.5 164 19 10
4 3 154.5 230 18 10
4 3 164.5 234 18 10
4 3 174.5 192 18 10
4 3 184.5 203 18 10
4 3 194.5 249 19 10
4 3 204.5 224 19 10
4 3 214.5 194 20 10
4 3 224.5 135 19 10
5 1 12367.5 10450 31 10
5 1 12377.5 10442 35 10
5 1 12387.5 10460 65 10
5 1 12397.5 10393 31 10
5 1 12407.5 10377 36 10
5 1 12417.5 10352 36 10
5 1 12427.5 10360 32 10
5 1 12437.5 10451 33 10
5 1 12447.5 10411 27 10
5 1 12457.5 10438 27 10
5 1 12467.5 10460 29 10
5 1 12477.5 10528 33 10
5 1 12487.5 10499 31 10
5 1 12497.5 10610 31 10
5 1 12507.5 10589 33 10
5 1 12517.5 10601 32 10
5 1 12527.5 10611 31 10
5 1 12537.5 10545 32 10
5 1 12547.5 10541 33 10
5 1 12557.5 10540 31 10
5 1 12567.5 10525 35 10
5 1 12577.5 10525 32 10
5 1 12587.5 10567 42 10
5 1 12597.5 10518 31 10
5 2 174.5 194 24 10
5 2 184.5 226 21 10
5 2 194.5 258 25 10
5 2 204.5 226 23 10
5 2 214.5 220 21 10
5 2 224.5 166 25 10
5 2 234.5 167 22 10
5 2 244.5 139 21 10
5 2 254.5 179 23 10
5 2 264.5 176 23 10
5 2 274.5 203 21 10
5 2 284.5 236 22 10
5 2 294.5 314 23 10
5 2 304.5 331 22 10
5 2 314.5 303 24 10
5 2 324.5 361 23 10
6 1 1214.5 1290 29 10
6 1 1214.5 1312 29 10
6 1 1224.5 1303 29 10
6 1 1234.5 1316 29 10
6 1 1244.5 1334 29 10
6 1 1254.5 1302 29 10
6 1 1254.5 1313 29 10
6 1 1264.5 1300 29 10
6 1 1264.5 1336 29 10
6 1 1274.5 1388 29 10
6 1 1274.5 1363 29 10
6 1 1284.5 1403 29 10
6 1 1294.5 1395 29 10
6 1 1294.5 1390 29 10
6 1 1304.5 1440 29 10
6 1 1314.5 1501 29 10
6 1 1324.5 1533 29 10
6 1 1324.5 1508 29 10
6 1 1324.5 1484 29 10
6 1 1324.5 1522 29 10
6 1 1334.5 1461 29 10
6 1 1334.5 1499 29 10
6 1 1344.5 1481 29 10
6 1 1354.5 1496 29 10
6 1 1364.5 1548 29 10
6 1 1364.5 1545 29 10
6 1 1364.5 1488 29 10
6 1 1374.5 1594 29 10
6 1 1374.5 1511 29 10
6 1 1384.5 1558 29 10
6 1 1394.5 1577 29 10
6 1 1394.5 1534 29 10
6 1 1404.5 1594 29 10
6 1 1404.5 1539 29 10
6 1 1414.5 1605 29 10
6 1 1424.5 1604 29 10
6 1 1424.5 1601 29 10
6 1 1434.5 1669 29 10
6 1 1444.5 1628 29 10
6 1 1444.5 1602 29 10
6 1 1454.5 1605 29 10
6 1 1454.5 1622 29 10
6 1 1464.5 1646 29 10
6 1 1474.5 1593 29 10
6 1 1474.5 1651 29 10
6 1 1484.5 1660 29 10
6 1 1484.5 1617 29 10
6 1 1494.5 1635 29 10
6 1 1504.5 1623 29 10
6 1 1514.5 1617 29 10
6 1 1514.5 1664 29 10
6 1 1514.5 1652 29 10
6 1 1524.5 1676 29 10
6 1 1534.5 1694 29 10
6 1 1544.5 1722 29 10
6 1 1544.5 1753 29 10
6 1 1554.5 1679 15 10
6 1 1564.5 1707 29 10
6 1 1564.5 1726 29 10
6 1 1574.5 1712 15 10
6 1 1584.5 1700 29 10
6 1 1584.5 1751 29 10
6 1 1584.5 1697 29 10
6 1 1594.5 1756 15 10
6 1 1594.5 1766 15 10
6 1 1604.5 1702 29 10
6 1 1604.5 1721 29 10
6 1 1604.5 1770 29 10
6 1 1614.5 1804 15 10
6 1 1624.5 1804 29 10
6 1 1634.5 1802 15 10
6 1 1634.5 1811 20 10
6 1 1644.5 1851 29 10
6 1 1644.5 1779 29 10
6 1 1654.5 1776 15 10
6 1 1664.5 1815 29 10
6 1 1664.5 1786 29 10
6 1 1664.5 1739 29 10
6 1 1674.5 1771 15 10
6 1 1674.5 1779 15 10
6 1 1684.5 1801 29 10
6 1 1684.5 1747 29 10
6 1 1694.5 1761 15 10
6 1 1704.5 1892 29 10
6 1 1704.5 1849 29 10
6 1 1704.5 1785 29 10
6 1 1704.5 1833 29 10
6 1 1714.5 1851 15 10
6 1 1724.5 1888 29 10
6 1 1724.5 1830 29 10
6 1 1734.5 1860 15 10
6 1 1734.5 1865 15 10
6 1 1744.5 1919 29 10
6 1 1744.5 1819 29 10
6 1 1744.5 1898 29 10
6 1 1754.5 1901 15 10
6 1 1764.5 1937 29 10
6 1 1764.5 1906 29 10
6 1 1774.5 1849 15 10
6 1 1774.5 1909 15 10
6 1 1784.5 1904 29 10
6 1 1784.5 1873 29 10
6 1 1784.5 1864 29 10
6 1 1794.5 1867 20 10
6 1 1804.5 1875 29 10
6 1 1814.5 1894 15 10
6 1 1814.5 1896 15 10
6 1 1824.5 1891 29 10
6 1 1834.5 1943 15 10
6 1 1844.5 1973 29 10
6 1 1844.5 1980 29 10
6 1 1844.5 1952 29 10
6 1 1854.5 1929 15 10
6 1 1854.5 1950 15 10
6 1 1864.5 1936 29 10
6 1 1864.5 1943 29 10
6 1 1874.5 1950 20 10
6 1 1884.5 1977 29 10
6 1 1894.5 1982 20 10
6 1 1894.5 2030 15 10
6 1 1904.5 2014 29 10
6 1 1914.5 1994 15 10
6 1 1924.5 2026 29 10
6 1 1934.5 2056 15 10
6 1 1944.5 2075 29 10
6 1 1944.5 2055 29 10
6 1 1954.5 2039 15 10
6 1 1964.5 2046 29 10
6 1 1974.5 1995 15 10
6 1 1974.5 2061 15 10
6 1 1974.5 1948 29 10
6 1 1984.5 2012 29 10
6 1 1984.5 2016 29 10
6 1 1994.5 2036 15 10
6 1 1994.5 2059 15 10
6 1 1994.5 2062 29 10
6 1 2004.5 2112 29 10
6 1 2004.5 2115 29 10
6 1 2014.5 2084 20 10
6 1 2014.5 2130 29 10
6 1 2024.5 2146 29 10
6 1 2024.5 2064 29 10
6 1 2024.5 2143 29 10
6 1 2034.5 2095 15 10
6 1 2034.5 2109 15 10
6 1 2034.5 2116 29 10
6 1 2044.5 2137 29 10
6 1 2054.5 2128 15 10
6 1 2054.5 2102 29 10
6 1 2054.5 2113 29 10
6 1 2064.5 2155 29 10
6 1 2064.5 2173 29 10
6 1 2074.5 2132 15 10
6 1 2074.5 2114 15 10
6 1 2084.5 2151 29 10
6 1 2094.5 2157 15 10
6 1 2094.5 2103 29 10
6 1 2104.5 2158 29 10
6 1 2114.5 2168 29 10
6 2 854.5 939 29 10
6 2 864.5 987 29 10
6 2 874.5 945 29 10
6 2 884.5 1026 29 10
6 2 894.5 1027 29 10
6 2 904.5 980 29 10
6 2 914.5 963 29 10
6 2 924.5 963 29 10
6 2 924.5 1086 29 10
6 2 934.5 1073 29 10
6 2 934.5 1073 29 10
6 2 944.5 1143 29 10
6 2 944.5 1078 29 10
6 2 954.5 1036 29 10
6 2 964.5 1158 29 10
6 2 974.5 1134 29 10
6 2 984.5 1123 29 10
6 2 984.5 1166 29 10
6 2 994.5 1202 29 10
6 2 1004.5 1182 29 10
6 2 1014.5 1175 29 10
6 2 1014.5 1148 29 10
6 2 1024.5 1184 29 10
6 2 1034.5 1139 29 10
6 2 1044.5 1150 29 10
6 2 1044.5 1128 29 10
6 2 1054.5 1218 29 10
6 2 1054.5 1170 29 10
6 2 1064.5 1140 29 10
6 2 1064.5 1236 29 10
6 2 1064.5 1223 29 10
7 1 3453.0 3271 25 1
7 1 3454.0 3286 23 1
7 1 3455.0 3334 23 1
7 1 3456.0 3287 23 1
7 1 3458.0 3338 25 1
7 1 3459.0 3307 22 1
7 1 3460.0 3301 23 1
7 1 3461.0 3308 22 1
7 1 3463.0 3353 23 1
7 1 3464.0 3284 23 1
7 1 3465.0 3312 23 1
7 1 3466.0 3327 22 1
7 1 3467.0 3312 23 1
7 1 3468.0 3313 22 1
7 1 3469.0 3291 22 1
7 1 3470.0 3317 31 1
7 1 3471.0 3317 22 1
7 1 3472.0 3298 22 1
7 1 3473.0 3351 22 1
7 1 3474.0 3313 24 1
7 1 3475.0 3264 22 1
7 1 3476.0 3300 22 1
7 1 3477.0 3262 22 1
7 1 3478.0 3286 22 1
7 1 3479.0 3287 23 1
7 1 3480.0 3315 22 1
7 1 3481.0 3252 30 1
7 1 3482.0 3338 23 1
7 1 3483.0 3298 32 1
7 1 3484.0 3316 31 1
7 1 3485.0 3345 22 1
7 1 3486.0 3339 22 1
7 1 3487.0 3352 27 1
7 1 3488.0 3345 22 1
7 1 3489.0 3323 23 1
7 1 3490.0 3364 23 1
7 1 3491.0 3372 22 1
7 1 3492.0 3345 20 1
7 1 3493.0 3365 20 1
7 1 3494.0 3337 20 1
7 1 3495.0 3373 28 1
7 1 3496.0 3358 40 1
7 1 3497.0 3347 29 1
7 1 3498.0 3371 27 1
7 1 3499.0 3379 27 1
7 1 3500.0 3388 28 1
7 1 3501.0 3395 30 1
7 1 3502.0 3353 30 1
7 1 3503.0 3397 27 1
7 1 3504.0 3406 27 1
7 1 3505.0 3391 27 1
7 1 3506.0 3315 27 1
7 1 3508.0 3388 21 1
7 1 3509.0 3346 20 1
7 1 3510.0 3366 24 1
7 1 3511.0 3360 21 1
7 1 3512.0 3391 20 1
7 1 3513.0 3360 20 1
7 1 3514.0 3351 20 1
7 1 3515.0 3354 21 1
7 1 3516.0 3369 21 1
7 1 3517.0 3360 21 1
7 1 3518.0 3348 20 1
7 1 3519.0 3372 29 1
7 1 3520.0 3359 20 1
7 1 3590.0 3394 22 1
7 1 3592.0 3409 25 1
7 1 3594.0 3438 23 1
7 1 3596.0 3404 24 1
7 1 3597.0 3458 23 1
7 1 3598.0 3405 28 1
7 1 3599.0 3433 29 1
7 1 3600.0 3410 23 1
7 1 3601.0 3422 21 1
7 1 3602.0 3344 25 1
7 1 3603.0 3429 24 1
7 1 3604.0 3425 21 1
7 1 3605.0 3411 28 1
7 1 3606.0 3379 21 1
7 1 3607.0 3417 22 1
7 1 3608.0 3425 22 1
8 1 11704.5 10072 25 10
8 1 11704.5 10125 20 10
8 1 11704.5 10090 20 10
8 1 11714.5 10123 25 10
8 1 11714.5 10135 20 10
8 1 11714.5 10105 20 10
8 1 11724.5 10147 25 10
8 1 11724.5 10135 20 10
8 1 11724.5 10140 25 10
8 1 11724.5 10165 25 10
8 1 11734.5 10127 25 10
8 1 11734.5 10170 20 10
8 1 11734.5 10150 20 10
8 1 11744.5 10125 25 10
8 1 11744.5 10195 25 10
8 1 11744.5 10140 25 10
8 1 11744.5 10140 25 10
8 1 11744.5 10130 20 10
8 1 11754.5 10143 24 10
8 1 11754.5 10145 25 10
8 1 11754.5 10125 30 10
8 1 11754.5 10120 20 10
8 1 11764.5 10194 24 10
8 1 11764.5 10165 20 10
8 1 11764.5 10160 20 10
8 1 11774.5 10184 24 10
8 1 11774.5 10170 25 10
8 1 11774.5 10135 25 10
8 1 11774.5 10185 20 10
8 1 11784.5 10242 25 10
8 1 11784.5 10200 20 10
8 1 11784.5 10160 25 10
8 1 11784.5 10160 25 10
8 1 11784.5 10205 20 10
8 1 11784.5 10175 20 10
8 1 11794.5 10212 25 10
8 1 11804.5 10169 21 10
8 1 11804.5 10195 25 10
8 1 11804.5 10175 25 10
8 1 11814.5 10220 21 10
8 1 11814.5 10190 25 10
8 1 11814.5 10185 25 10
8 1 11814.5 10180 20 10
8 1 11824.5 10138 24 10
8 1 11824.5 10175 25 10
8 1 11824.5 10180 25 10
8 1 11824.5 10205 20 10
8 1 11834.5 10196 24 10
8 1 11834.5 10175 20 10
8 1 11834.5 10185 20 10
8 1 11834.5 10165 20 10
8 1 11834.5 10225 20 10
8 1 11844.5 10213 25 10
8 1 11844.5 10205 25 10
8 1 11844.5 10285 25 10
8 1 11844.5 10250 20 10
8 1 11854.5 10230 24 10
8 1 11854.5 10260 25 10
8 1 11854.5 10215 25 10
8 1 11864.5 10200 24 10
8 1 11864.5 10245 20 10
8 1 11864.5 10205 20 10
8 1 11874.5 10246 24 10
8 1 11874.5 10210 20 10
8 1 11874.5 10180 25 10
8 1 11884.5 10245 24 10
8 1 11884.5 10280 20 10
8 1 11884.5 10250 20 10
8 1 11894.5 10267 24 10
8 1 11894.5 10275 25 10
8 1 11894.5 10260 30 10
8 1 11894.5 10280 20 10
8 1 11894.5 10265 25 10
8 1 11894.5 10220 45 10
8 1 11904.5 10250 26 10
8 1 11904.5 10280 25 10
8 1 11904.5 10280 20 10
8 1 11904.5 10230 37 10
8 1 11914.5 10225 26 10
8 1 11914.5 10250 25 10
8 1 11914.5 10260 25 10
8 1 11914.5 10300 40 10
8 1 11924.5 10247 25 10
8 1 11924.5 10250 25 10
8 1 11924.5 10270 20 10
8 1 11924.5 10291 40 10
8 1 11934.5 10305 25 10
8 1 11934.5 10305 25 10
8 1 11934.5 10275 25 10
8 1 11934.5 10250 45 10
8 1 11944.5 10262 25 10
8 1 11944.5 10320 25 10
8 1 11944.5 10330 25 10
8 1 11944.5 10290 40 10
8 1 11954.5 10287 25 10
8 1 11954.5 10300 30 10
8 1 11954.5 10325 20 10
8 1 11954.5 10275 40 10
8 1 11964.5 10321 25 10
8 1 11964.5 10305 25 10
8 1 11964.5 10305 20 10
8 1 11964.5 10345 40 10
8 1 11974.5 10324 25 10
8 1 11974.5 10310 25 10
8 1 11974.5 10350 20 10
8 1 11974.5 10340 38 10
8 1 11984.5 10289 25 10
8 1 11984.5 10335 30 10
8 1 11984.5 10375 25 10
8 1 11984.5 10325 20 10
8 1 11984.5 10345 20 10
8 1 11984.5 10340 45 10
8 1 11994.5 10318 25 10
8 1 11994.5 10345 30 10
8 1 11994.5 10325 25 10
8 1 11994.5 10326 40 10
8 1 11994.5 10375 45 10
8 1 12004.5 10365 25 10
8 1 12004.5 10340 20 10
8 1 12004.5 10385 40 10
8 1 12004.5 10325 45 10
8 1 12014.5 10319 26 10
8 1 12014.5 10330 25 10
8 1 12014.5 10355 20 10
8 1 12014.5 10325 38 10
8 1 12024.5 10373 26 10
8 1 12024.5 10405 25 10
8 1 12024.5 10360 25 10
8 1 12024.5 10350 25 10
8 1 12024.5 10355 20 10
8 1 12024.5 10360 45 10
8 1 12034.5 10360 25 10
8 1 12034.5 10345 25 10
8 1 12034.5 10365 20 10
8 1 12034.5 10295 40 10
8 1 12044.5 10372 26 10
8 1 12044.5 10400 25 10
8 1 12044.5 10375 20 10
8 1 12044.5 10350 30 10
8 1 12044.5 10335 25 10
8 1 12044.5 10370 25 10
8 1 12044.5 10330 25 10
8 1 12044.5 10350 25 10
8 1 12044.5 10305 25 10
8 1 12044.5 10325 30 10
8 1 12044.5 10345 25 10
8 1 12044.5 10390 25 10
8 1 12044.5 10345 45 10
8 1 12054.5 10349 25 10
8 1 12054.5 10340 25 10
8 1 12054.5 10360 20 10
8 1 12054.5 10350 40 10
8 1 12064.5 10343 26 10
8 1 12064.5 10360 25 10
8 1 12064.5 10365 25 10
8 1 12064.5 10425 25 10
8 1 12064.5 10385 25 10
8 1 12064.5 10340 25 10
8 1 12064.5 10370 25 10
8 1 12064.5 10365 25 10
8 1 12064.5 10335 25 10
8 1 12064.5 10345 25 10
8 1 12064.5 10380 25 10
8 1 12064.5 10400 30 10
8 1 12064.5 10336 40 10
8 1 12074.5 10348 23 10
8 1 12074.5 10370 25 10
8 1 12074.5 10380 20 10
8 1 12074.5 10345 39 10
8 1 12074.5 10385 40 10
8 1 12084.5 10355 23 10
8 1 12084.5 10355 30 10
8 1 12084.5 10370 25 10
8 1 12084.5 10345 39 10
8 1 12094.5 10382 23 10
8 1 12094.5 10445 30 10
8 1 12094.5 10380 25 10
8 1 12094.5 10380 30 10
8 1 12094.5 10375 20 10
8 1 12094.5 10395 45 10
8 1 12104.5 10426 26 10
8 1 12104.5 10430 25 10
8 1 12104.5 10420 20 10
8 1 12104.5 10409 38 10
8 1 12114.5 10406 23 10
8 1 12114.5 10415 25 10
8 1 12114.5 10380 20 10
8 1 12114.5 10430 45 10
8 1 12124.5 10392 24 10
8 1 12124.5 10380 20 10
8 1 12124.5 10380 20 10
8 1 12124.5 10360 45 10
8 1 12134.5 10366 23 10
8 1 12134.5 10385 20 10
8 1 12134.5 10380 20 10
8 1 12134.5 10385 45 10
8 1 12144.5 10391 23 10
8 1 12144.5 10375 20 10
8 1 12144.5 10380 20 10
8 1 12144.5 10347 39 10
8 1 12154.5 10410 24 10
8 1 12154.5 10405 25 10
8 1 12154.5 10400 25 10
8 1 12154.5 10445 45 10
8 1 12164.5 10384 23 10
8 1 12164.5 10420 20 10
8 1 12164.5 10365 20 10
8 1 12164.5 10390 40 10
8 1 12174.5 10435 23 10
8 1 12174.5 10415 20 10
8 1 12174.5 10400 20 10
8 1 12174.5 10455 45 10
8 1 12184.5 10442 24 10
8 1 12184.5 10435 20 10
8 1 12184.5 10425 20 10
8 1 12184.5 10425 45 10
8 1 12194.5 10431 23 10
8 1 12194.5 10415 20 10
8 1 12194.5 10430 20 10
8 1 12194.5 10465 39 10
8 1 12194.5 10455 40 10
8 1 12194.5 10485 45 10
8 1 12204.5 10473 23 10
8 1 12204.5 10450 20 10
8 1 12204.5 10425 25 10
8 1 12204.5 10435 45 10
8 1 12214.5 10481 24 10
8 1 12214.5 10470 25 10
8 1 12214.5 10470 20 10
8 1 12214.5 10440 40 10
8 1 12224.5 10459 24 10
8 1 12224.5 10460 20 10
8 1 12224.5 10420 20 10
8 1 12224.5 10405 20 10
8 1 12224.5 10430 25 10
8 1 12224.5 10365 40 10
8 1 12234.5 10413 24 10
8 1 12234.5 10425 25 10
8 1 12234.5 10420 25 10
8 1 12234.5 10419 40 10
8 1 12244.5 10401 24 10
8 1 12244.5 10395 25 10
8 1 12244.5 10435 25 10
8 1 12244.5 10430 40 10
8 1 12254.5 10380 24 10
8 1 12254.5 10385 25 10
8 1 12254.5 10395 25 10
8 1 12254.5 10450 40 10
8 1 12264.5 10468 24 10
8 1 12264.5 10410 30 10
8 1 12264.5 10410 20 10
8 1 12264.5 10420 45 10
8 1 12274.5 10412 24 10
8 1 12274.5 10415 20 10
8 1 12274.5 10455 25 10
8 1 12274.5 10415 40 10
8 1 12284.5 10451 23 10
8 1 12284.5 10450 25 10
8 1 12284.5 10440 25 10
8 1 12284.5 10480 45 10
8 1 12294.5 10418 22 10
8 1 12294.5 10485 25 10
8 1 12294.5 10450 25 10
8 1 12294.5 10500 40 10
8 1 12304.5 10450 23 10
8 1 12304.5 10425 25 10
8 1 12304.5 10440 25 10
8 1 12304.5 10450 45 10
8 1 12314.5 10416 24 10
8 1 12314.5 10445 25 10
8 1 12314.5 10370 25 10
8 1 12314.5 10400 20 10
8 1 12314.5 10440 20 10
8 1 12314.5 10430 40 10
8 1 12324.5 10447 24 10
8 1 12324.5 10400 25 10
8 1 12324.5 10430 25 10
8 1 12324.5 10384 39 10
8 1 12334.5 10485 25 10
8 1 12334.5 10465 25 10
8 1 12334.5 10460 25 10
8 1 12334.5 10455 40 10
8 1 12344.5 10453 24 10
8 1 12344.5 10425 25 10
8 1 12344.5 10480 25 10
8 1 12344.5 10470 25 10
8 1 12344.5 10460 20 10
8 1 12344.5 10500 40 10
8 1 12354.5 10429 23 10
8 1 12354.5 10415 25 10
8 1 12354.5 10425 20 10
8 1 12354.5 10470 40 10
8 1 12364.5 10402 24 10
8 1 12364.5 10385 20 10
8 1 12364.5 10430 20 10
8 1 12364.5 10415 40 10
8 1 12364.5 10430 40 10
8 1 12374.5 10372 24 10
8 1 12374.5 10415 20 10
8 1 12374.5 10410 25 10
8 1 12374.5 10330 40 10
8 1 12384.5 10411 25 10
8 1 12384.5 10405 25 10
8 1 12384.5 10420 20 10
8 1 12384.5 10475 40 10
8 1 12394.5 10417 24 10
8 1 12394.5 10425 25 10
8 1 12394.5 10390 25 10
8 1 12394.5 10405 40 10
8 1 12404.5 10362 24 10
8 1 12404.5 10400 20 10
8 1 12404.5 10410 30 10
8 1 12404.5 10435 40 10
8 1 12414.5 10395 24 10
8 1 12414.5 10395 25 10
8 1 12414.5 10370 30 10
8 1 12414.5 10440 40 10
8 1 12424.5 10387 25 10
8 1 12424.5 10360 30 10
8 1 12424.5 10400 25 10
8 1 12424.5 10390 25 10
8 1 12424.5 10370 25 10
8 1 12424.5 10440 40 10
8 1 12434.5 10406 23 10
8 1 12434.5 10410 25 10
8 1 12434.5 10435 25 10
8 1 12434.5 10395 45 10
8 1 12444.5 10454 24 10
8 1 12444.5 10445 25 10
8 1 12444.5 10415 25 10
8 1 12444.5 10440 45 10
8 1 12454.5 10434 24 10
8 1 12454.5 10410 25 10
8 1 12454.5 10440 25 10
8 1 12454.5 10500 45 10
8 1 12464.5 10434 20 10
8 1 12464.5 10460 25 10
8 1 12464.5 10430 25 10
8 1 12464.5 10450 25 10
8 1 12464.5 10430 25 10
8 1 12464.5 10495 40 10
8 1 12474.5 10482 24 10
8 1 12474.5 10475 25 10
8 1 12474.5 10485 25 10
8 1 12474.5 10480 40 10
8 1 12484.5 10499 24 10
8 1 12484.5 10525 25 10
8 1 12484.5 10510 25 10
8 1 12484.5 10530 25 10
8 1 12484.5 10495 40 10
8 1 12494.5 10586 20 10
8 1 12494.5 10580 25 10
8 1 12494.5 10560 20 10
8 1 12494.5 10580 25 10
8 1 12494.5 10575 25 10
8 1 12494.5 10615 45 10
8 1 12504.5 10600 24 10
8 1 12504.5 10585 30 10
8 1 12504.5 10585 20 10
8 1 12504.5 10595 25 10
8 1 12504.5 10570 40 10
8 1 12514.5 10627 24 10
8 1 12514.5 10590 25 10
8 1 12514.5 10590 25 10
8 1 12514.5 10605 20 10
8 1 12514.5 10570 25 10
8 1 12514.5 10620 20 10
8 1 12514.5 10650 45 10
8 1 12514.5 10585 50 10
8 1 12524.5 10630 23 10
8 1 12524.5 10585 25 10
8 1 12524.5 10635 30 10
8 1 12524.5 10640 20 10
8 1 12524.5 10630 45 10
8 1 12534.5 10568 23 10
8 1 12534.5 10560 30 10
8 1 12534.5 10595 25 10
8 1 12534.5 10640 50 10
8 1 12544.5 10544 23 10
8 1 12544.5 10485 25 10
8 1 12544.5 10525 20 10
8 1 12544.5 10505 40 10
8 1 12554.5 10529 23 10
8 1 12554.5 10510 30 10
8 1 12554.5 10510 25 10
8 1 12554.5 10505 20 10
8 1 12554.5 10520 25 10
8 1 12554.5 10580 45 10
8 1 12564.5 10511 23 10
8 1 12564.5 10485 30 10
8 1 12564.5 10485 20 10
8 1 12564.5 10505 40 10
8 1 12564.5 10520 45 10
8 1 12574.5 10530 23 10
8 1 12574.5 10485 25 10
8 1 12574.5 10500 20 10
8 1 12574.5 10465 45 10
8 1 12574.5 10570 50 10
8 1 12584.5 10515 24 10
8 1 12584.5 10530 25 10
8 1 12584.5 10505 20 10
8 1 12584.5 10500 30 10
8 1 12584.5 10555 45 10
8 1 12594.5 10549 23 10
8 1 12594.5 10530 25 10
8 1 12594.5 10540 25 10
8 1 12594.5 10530 50 10
8 1 12604.5 10543 23 10
8 1 12604.5 10565 25 10
8 1 12604.5 10590 25 10
8 1 12604.5 10525 40 10
8 1 12614.5 10605 23 10
8 1 12614.5 10605 20 10
8 1 12614.5 10530 45 10
8 1 12614.5 10520 45 10
8 1 12624.5 10645 23 10
8 1 12624.5 10680 20 10
8 1 12624.5 10620 20 10
8 1 12624.5 10630 25 10
8 1 12624.5 10580 45 10
8 1 12634.5 10653 23 10
8 1 12634.5 10650 25 10
8 1 12634.5 10605 45 10
8 1 12644.5 10661 24 10
8 1 12644.5 10660 20 10
8 1 12644.5 10695 25 10
8 1 12644.5 10725 45 10
8 1 12654.5 10657 23 10
8 1 12654.5 10650 20 10
8 1 12654.5 10615 45 10
8 1 12664.5 10628 23 10
8 1 12664.5 10640 25 10
8 1 12664.5 10690 20 10
8 1 12664.5 10670 25 10
8 1 12664.5 10695 45 10
8 1 12674.5 10653 24 10
8 1 12674.5 10660 20 10
8 1 12674.5 10640 45 10
8 1 12684.5 10623 23 10
8 1 12684.5 10665 20 10
8 1 12684.5 10625 25 10
8 1 12684.5 10650 45 10
8 1 12694.5 10691 23 10
8 1 12694.5 10693 29 10
8 1 12694.5 10670 25 10
8 1 12694.5 10600 40 10
8 1 12694.5 10724 24 10
8 1 12694.5 10710 26 10
8 1 12694.5 10731 26 10
8 1 12694.5 10669 28 10
8 1 12704.5 10759 24 10
8 1 12704.5 10710 25 10
8 1 12704.5 10750 20 10
8 1 12704.5 10745 25 10
8 1 12704.5 10745 30 10
8 1 12704.5 10690 25 10
8 1 12704.5 10700 45 10
8 1 12704.5 10675 45 10
8 1 12704.5 10709 24 10
8 1 12704.5 10693 26 10
8 1 12704.5 10720 26 10
8 1 12704.5 10712 27 10
8 1 12714.5 10736 24 10
8 1 12714.5 10735 20 10
8 1 12714.5 10735 30 10
8 1 12714.5 10705 20 10
8 1 12714.5 10765 45 10
8 1 12714.5 10764 23 10
8 1 12714.5 10742 26 10
8 1 12714.5 10721 27 10
8 1 12724.5 10691 23 10
8 1 12724.5 10748 31 10
8 1 12724.5 10725 20 10
8 1 12724.5 10785 30 10
8 1 12724.5 10720 20 10
8 1 12724.5 10790 45 10
8 1 12724.5 10779 24 10
8 1 12724.5 10735 24 10
8 1 12724.5 10729 24 10
8 1 12724.5 10737 26 10
8 1 12734.5 10771 24 10
8 1 12734.5 10770 25 10
8 1 12734.5 10780 20 10
8 1 12734.5 10785 30 10
8 1 12734.5 10735 45 10
8 1 12734.5 10780 30 10
8 1 12734.5 10841 26 10
8 1 12734.5 10785 26 10
8 1 12744.5 10835 23 10
8 1 12744.5 10840 20 10
8 1 12744.5 10830 30 10
8 1 12744.5 10900 45 10
8 1 12744.5 10843 32 10
8 1 12744.5 10801 24 10
8 1 12744.5 10815 24 10
8 1 12744.5 10826 27 10
8 1 12744.5 10816 24 10
8 1 12744.5 10835 23 10
8 1 12744.5 10835 31 10
8 1 12754.5 10888 23 10
8 1 12754.5 10870 25 10
8 1 12754.5 10920 30 10
8 1 12754.5 10925 45 10
8 1 12754.5 10938 29 10
8 1 12754.5 10873 29 10
8 1 12754.5 10932 30 10
8 1 12754.5 10893 35 10
8 1 12754.5 10886 30 10
8 1 12754.5 10870 36 10
8 1 12754.5 10922 29 10
8 1 12754.5 10901 32 10
8 1 12754.5 10810 33 10
8 1 12754.5 10910 34 10
8 1 12754.5 10881 33 10
8 1 12754.5 10913 34 10
8 1 12754.5 10888 33 10
8 1 12754.5 10837 32 10
8 1 12754.5 10875 24 10
8 1 12764.5 10907 25 10
8 1 12764.5 10890 30 10
8 1 12764.5 10890 30 10
8 1 12764.5 10895 30 10
8 1 12764.5 10885 25 10
8 1 12764.5 10940 30 10
8 1 12764.5 10910 45 10
8 1 12764.5 10901 28 10
8 1 12764.5 10928 22 10
8 1 12764.5 10889 21 10
8 1 12764.5 10918 25 10
8 1 12764.5 10920 20 10
8 1 12764.5 10901 21 10
8 1 12764.5 10875 19 10
8 1 12764.5 10872 20 10
8 1 12764.5 10869 27 10
8 1 12764.5 10877 26 10
8 1 12764.5 10868 26 10
8 1 12764.5 10938 23 10
8 1 12764.5 10957 25 10
8 1 12764.5 10897 28 10
8 1 12774.5 10929 25 10
8 1 12774.5 10966 29 10
8 1 12774.5 10925 30 10
8 1 12774.5 10965 30 10
8 1 12774.5 10945 30 10
8 1 12774.5 10940 30 10
8 1 12774.5 10930 30 10
8 1 12774.5 10985 45 10
8 1 12774.5 10915 32 10
8 1 12774.5 10917 30 10
8 1 12774.5 10892 30 10
8 1 12774.5 10918 35 10
8 1 12774.5 10902 32 10
8 1 12774.5 11043 49 10
8 1 12774.5 10940 30 10
8 1 12774.5 10889 30 10
8 1 12774.5 10952 37 10
8 1 12774.5 10924 28 10
8 1 12774.5 10968 29 10
8 1 12774.5 11014 31 10
8 1 12774.5 10929 30 10
8 1 12774.5 11019 38 10
8 1 12784.5 10927 24 10
8 1 12784.5 10930 30 10
8 1 12784.5 10995 30 10
8 1 12784.5 10935 25 10
8 1 12784.5 10970 25 10
8 1 12784.5 10975 25 10
8 1 12784.5 10935 20 10
8 1 12784.5 10985 50 10
8 1 12784.5 10989 28 10
8 1 12784.5 10967 25 10
8 1 12784.5 10938 20 10
8 1 12784.5 10986 20 10
8 1 12784.5 10941 20 10
8 1 12784.5 10896 25 10
8 1 12794.5 10963 23 10
8 1 12794.5 10935 30 10
8 1 12794.5 10990 30 10
8 1 12794.5 10980 25 10
8 1 12794.5 10970 25 10
8 1 12794.5 10965 25 10
8 1 12794.5 10970 45 10
8 1 12794.5 10968 32 10
8 1 12794.5 11001 25 10
8 1 12804.5 10961 24 10
8 1 12804.5 10955 21 10
8 1 12804.5 10950 33 10
8 1 12804.5 10997 35 10
8 1 12804.5 10930 32 10
8 1 12804.5 10964 32 10
8 1 12804.5 10968 33 10
8 1 12804.5 10949 35 10
8 1 12804.5 10954 42 10
8 1 12804.5 10945 33 10
8 1 12804.5 10940 30 10
8 1 12804.5 10960 25 10
8 1 12804.5 10965 25 10
8 1 12804.5 11000 25 10
8 1 12804.5 10975 25 10
8 1 12804.5 10985 20 10
8 1 12804.5 10970 25 10
8 1 12804.5 10960 25 10
8 1 12804.5 10975 25 10
8 1 12804.5 10970 25 10
8 1 12804.5 10985 25 10
8 1 12804.5 11000 45 10
8 1 12804.5 10960 29 10
8 1 12804.5 10963 20 10
8 1 12804.5 10969 20 10
8 1 12804.5 10919 20 10
8 1 12814.5 10945 23 10
8 1 12814.5 10990 30 10
8 1 12814.5 10955 30 10
8 1 12814.5 10965 25 10
8 1 12814.5 10975 25 10
8 1 12814.5 10965 25 10
8 1 12814.5 10960 25 10
8 1 12814.5 10925 20 10
8 1 12814.5 10930 50 10
8 1 12824.5 10944 23 10
8 1 12824.5 10950 30 10
8 1 12824.5 10945 25 10
8 1 12824.5 10955 30 10
8 1 12824.5 10920 25 10
8 1 12824.5 10965 25 10
8 1 12824.5 10945 20 10
8 1 12824.5 10905 45 10
8 1 12834.5 11005 23 10
8 1 12834.5 10940 30 10
8 1 12834.5 10920 30 10
8 1 12834.5 10960 25 10
8 1 12834.5 10960 25 10
8 1 12834.5 10930 25 10
8 1 12834.5 10975 25 10
8 1 12834.5 10950 30 10
8 1 12834.5 10960 25 10
8 1 12834.5 10950 25 10
8 1 12834.5 10985 25 10
8 1 12834.5 10970 25 10
8 1 12834.5 10970 25 10
8 1 12834.5 10970 25 10
8 1 12834.5 10995 25 10
8 1 12834.5 10980 25 10
8 1 12834.5 10950 25 10
8 1 12834.5 10955 25 10
8 1 12834.5 10930 20 10
8 1 12834.5 10950 45 10
8 1 12834.5 10965 50 10
8 1 12844.5 11006 23 10
8 1 12844.5 10995 30 10
8 1 12844.5 10980 30 10
8 1 12844.5 10975 30 10
8 1 12844.5 10920 30 10
8 1 12844.5 11000 25 10
8 1 12844.5 11025 25 10
8 1 12844.5 10975 25 10
8 1 12844.5 10975 20 10
8 1 12844.5 11000 50 10
8 1 12854.5 11014 24 10
8 1 12854.5 11010 30 10
8 1 12854.5 11010 25 10
8 1 12854.5 10990 25 10
8 1 12854.5 11015 25 10
8 1 12854.5 11005 25 10
8 1 12854.5 11010 20 10
8 1 12854.5 11020 45 10
8 1 12864.5 11030 23 10
8 1 12864.5 10980 25 10
8 1 12864.5 10990 25 10
8 1 12864.5 11040 30 10
8 1 12864.5 10985 30 10
8 1 12864.5 11015 25 10
8 1 12864.5 11010 20 10
8 1 12864.5 11050 45 10
8 1 12874.5 11000 23 10
8 1 12874.5 10995 25 10
8 1 12874.5 10980 30 10
8 1 12874.5 11020 25 10
8 1 12874.5 10970 25 10
8 1 12874.5 10990 30 10
8 1 12874.5 11030 25 10
8 1 12874.5 10990 25 10
8 1 12874.5 11005 25 10
8 1 12874.5 11005 50 10
8 1 12884.5 10980 25 10
8 1 12884.5 10960 30 10
8 1 12884.5 10995 45 10
8 1 12894.5 10985 30 10
8 1 12894.5 10980 30 10
8 1 12894.5 11035 45 10
8 1 12904.5 11035 25 10
8 1 12904.5 10995 30 10
8 1 12904.5 11035 30 10
8 1 12904.5 11010 25 10
8 1 12904.5 11075 50 10
8 1 12914.5 11025 25 10
8 1 12914.5 10995 30 10
8 1 12914.5 11020 45 10
8 1 12924.5 11075 25 10
8 1 12924.5 11045 30 10
8 1 12924.5 10975 45 10
8 1 12934.5 11095 30 10
8 1 12934.5 11060 30 10
8 1 12934.5 11050 30 10
8 1 12934.5 11080 30 10
8 1 12934.5 11130 45 10
8 1 12944.5 11070 25 10
8 1 12944.5 11060 30 10
8 1 12944.5 11070 45 10
8 1 12954.5 11045 30 10
8 1 12954.5 11055 30 10
8 1 12954.5 11125 45 10
8 1 12964.5 11030 25 10
8 1 12964.5 11000 30 10
8 1 12964.5 11020 30 10
8 1 12964.5 11080 25 10
8 1 12964.5 11055 45 10
8 1 12974.5 11125 25 10
8 1 12974.5 11065 30 10
8 1 12974.5 11060 25 10
8 1 12974.5 11090 20 10
8 1 12974.5 11080 50 10
8 1 12984.5 11100 25 10
8 1 12984.5 11105 30 10
8 1 12984.5 11125 50 10
8 1 12994.5 11105 25 10
8 1 12994.5 11085 35 10
8 1 12994.5 11100 35 10
8 1 12994.5 11060 25 10
8 1 12994.5 11020 45 10
8 1 13004.5 11120 25 10
8 1 13004.5 11065 30 10
8 1 13004.5 11095 20 10
8 1 13004.5 11080 25 10
8 1 13004.5 11115 50 10
8 1 13014.5 11110 25 10
8 1 13014.5 11085 30 10
8 1 13014.5 11060 45 10
8 1 13024.5 11105 25 10
8 1 13024.5 11095 30 10
8 1 13024.5 11130 30 10
8 1 13024.5 11105 25 10
8 1 13024.5 11020 45 10
8 1 13034.5 11140 25 10
8 1 13034.5 11090 30 10
8 1 13034.5 11095 45 10
8 1 13044.5 11070 30 10
8 1 13044.5 11080 30 10
8 1 13044.5 11065 45 10
8 1 13054.5 11010 30 10
8 1 13054.5 11085 30 10
8 1 13054.5 11135 30 10
8 1 13054.5 11115 25 10
8 1 13054.5 11080 25 10
8 1 13054.5 11115 25 10
8 1 13054.5 11070 50 10
8 1 13064.5 11060 20 10
8 1 13064.5 11105 20 10
8 1 13064.5 11100 25 10
8 1 13064.5 11100 20 10
8 1 13074.5 11125 20 10
8 1 13074.5 11100 20 10
8 1 13084.5 11140 20 10
8 1 13084.5 11130 20 10
8 1 13094.5 11190 20 10
8 1 13094.5 11180 20 10
8 1 13104.5 11205 20 10
8 1 13104.5 11235 20 10
8 1 13104.5 11260 30 10
8 1 13104.5 11230 20 10
8 1 13114.5 11240 25 10
8 1 13114.5 11240 25 10
8 1 13124.5 11260 20 10
8 1 13124.5 11285 20 10
8 1 13134.5 11240 20 10
8 1 13134.5 11260 25 10
8 1 13144.5 11245 20 10
8 1 13144.5 11245 20 10
8 2 11376.5 10035 20 10
8 2 11376.5 10060 20 10
8 2 11376.5 10082 40 10
8 2 11386.5 10025 20 10
8 2 11386.5 10065 20 10
8 2 11386.5 10086 36 10
8 2 11396.5 10025 25 10
8 2 11396.5 10015 20 10
8 2 11396.5 10052 35 10
8 2 11407.0 10075 20 11
8 2 11407.0 10030 20 11
8 2 11407.0 10071 35 11
8 2 11417.5 10050 25 10
8 2 11417.5 10025 25 10
8 2 11417.5 10109 36 10
8 2 11427.5 10085 20 10
8 2 11427.5 10075 20 10
8 2 11427.5 10099 37 10
8 2 11437.5 10090 25 10
8 2 11437.5 10035 25 10
8 2 11437.5 10090 25 10
8 2 11437.5 10040 25 10
8 2 11437.5 10090 25 10
8 2 11437.5 10058 37 10
8 2 11448.0 10065 25 11
8 2 11448.0 10015 20 11
8 2 11448.0 10040 25 11
8 2 11448.0 10020 35 11
8 2 11448.0 10070 20 11
8 2 11448.0 10040 36 11
8 2 11458.5 10065 20 10
8 2 11458.5 10060 25 10
8 2 11458.5 10054 35 10
8 2 11468.5 10050 20 10
8 2 11468.5 10035 25 10
8 2 11468.5 10026 36 10
8 2 11478.5 10025 20 10
8 2 11478.5 10040 20 10
8 2 11478.5 10073 38 10
8 2 11488.5 10020 20 10
8 2 11488.5 10020 25 10
8 2 11488.5 10037 35 10
8 2 11499.0 10025 25 11
8 2 11499.0 10040 25 11
8 2 11499.0 10031 35 11
8 2 11509.5 10020 20 10
8 2 11509.5 10050 20 10
8 2 11509.5 10060 20 10
8 2 11509.5 10081 36 10
8 2 11519.5 10100 25 10
8 2 11519.5 10105 20 10
8 2 11519.5 10105 20 10
8 2 11519.5 10055 20 10
8 2 11519.5 10090 30 10
8 2 11519.5 10040 30 10
8 2 11519.5 10090 20 10
8 2 11519.5 10133 35 10
8 2 11529.5 10125 25 10
8 2 11529.5 10070 25 10
8 2 11529.5 10060 20 10
8 2 11529.5 10085 25 10
8 2 11529.5 10114 37 10
8 2 11562.5 10085 25 10
8 2 11562.5 10045 25 10
8 2 11562.5 10045 20 10
8 2 11562.5 10065 20 10
8 2 11562.5 10044 37 10
8 2 11572.5 10070 20 10
8 2 11572.5 10040 20 10
8 2 11572.5 10055 20 10
8 2 11572.5 10050 25 10
8 2 11572.5 10079 37 10
8 2 11582.5 10075 25 10
8 2 11582.5 10025 20 10
8 2 11582.5 10050 20 10
8 2 11582.5 10025 25 10
8 2 11582.5 10027 38 10
8 2 11592.5 10060 25 10
8 2 11592.5 10005 20 10
8 2 11592.5 10015 20 10
8 2 11592.5 9990 20 10
8 2 11592.5 10066 34 10
8 2 11603.0 10055 20 11
8 2 11603.0 10025 20 11
8 2 11603.0 10035 20 11
8 2 11603.0 9995 25 11
8 2 11603.0 10042 36 11
8 2 11613.5 10075 25 10
8 2 11613.5 10020 25 10
8 2 11613.5 10085 25 10
8 2 11613.5 10050 20 10
8 2 11613.5 10050 25 10
8 2 11613.5 10000 30 10
8 2 11613.5 10075 25 10
8 2 11613.5 10063 36 10
8 2 11623.5 10075 25 10
8 2 11623.5 10080 25 10
8 2 11623.5 10085 36 10
8 2 11634.5 10110 20 12
8 2 11634.5 10110 25 12
8 2 11634.5 10100 37 12
8 2 11646.0 10160 20 11
8 2 11646.0 10120 20 11
8 2 11646.0 10115 25 11
8 2 11646.0 10155 20 11
8 2 11646.0 10135 34 11
8 2 11657.5 10080 25 12
8 2 11657.5 10130 25 12
8 2 11657.5 10145 25 12
8 2 11657.5 10140 25 12
8 2 11657.5 10120 20 12
8 2 11657.5 10163 38 12
8 2 11668.5 10070 25 10
8 2 11668.5 10100 20 10
8 2 11668.5 10153 35 10
8 2 11678.5 10075 25 10
8 2 11678.5 10090 25 10
8 2 11678.5 10134 37 10
8 2 11688.5 10100 25 10
8 2 11688.5 10115 20 10
8 2 11688.5 10114 37 10
8 2 11698.5 10055 25 10
8 2 11698.5 10075 20 10
8 2 11698.5 10131 37 10
8 2 11708.5 10115 25 10
8 2 11708.5 10105 25 10
8 2 11708.5 10145 35 10
8 2 11719.0 10163 38 11
8 2 11719.0 10222 31 11
8 2 11719.0 10159 31 11
8 2 11719.0 10171 30 11
8 2 11719.0 10124 32 11
8 2 11719.0 10158 31 11
8 2 11719.0 10167 35 11
8 2 11719.0 10172 31 11
8 2 11719.0 10132 32 11
8 2 11719.0 10155 34 11
8 2 11719.0 10090 32 11
8 2 11719.0 10182 39 11
8 2 11719.0 10146 31 11
8 2 11729.5 10120 25 10
8 2 11729.5 10115 20 10
8 2 11729.5 10130 25 10
8 2 11729.5 10165 25 10
8 2 11729.5 10155 25 10
8 2 11729.5 10185 25 10
8 2 11729.5 10196 38 10
8 2 11729.5 10199 34 10
8 2 11729.5 10197 39 10
8 2 11739.5 10110 25 10
8 2 11739.5 10165 20 10
8 2 11739.5 10165 25 10
8 2 11739.5 10175 25 10
8 2 11739.5 10185 20 10
8 2 11739.5 10158 36 10
8 2 11749.5 10105 25 10
8 2 11749.5 10135 20 10
8 2 11749.5 10151 38 10
8 2 11759.5 10150 25 10
8 2 11759.5 10190 20 10
8 2 11759.5 10219 36 10
8 2 11769.5 10155 25 10
8 2 11769.5 10190 25 10
8 2 11769.5 10165 25 10
8 2 11769.5 10150 25 10
8 2 11769.5 10215 30 10
8 2 11769.5 10175 30 10
8 2 11769.5 10215 30 10
8 2 11769.5 10163 39 10
8 2 11769.5 10159 39 10
8 2 11769.5 10246 35 10
8 2 11769.5 10225 25 10
8 2 11779.5 10225 25 10
8 2 11779.5 10160 25 10
8 2 11779.5 10220 25 10
8 2 11779.5 10185 30 10
8 2 11779.5 10215 20 10
8 2 11779.5 10210 25 10
8 2 11779.5 10185 25 10
8 2 11779.5 10210 25 10
8 2 11779.5 10205 25 10
8 2 11779.5 10165 30 10
8 2 11779.5 10218 47 10
8 2 11779.5 10204 48 10
8 2 11779.5 10271 38 10
8 2 11779.5 10180 30 10
8 2 11789.5 10195 25 10
8 2 11789.5 10225 20 10
8 2 11789.5 10203 35 10
8 2 11799.5 10175 25 10
8 2 11799.5 10175 20 10
8 2 11799.5 10228 35 10
8 2 11809.5 10175 25 10
8 2 11809.5 10155 25 10
8 2 11809.5 10170 35 10
8 2 11819.5 10165 25 10
8 2 11819.5 10160 20 10
8 2 11819.5 10145 30 10
8 2 11819.5 10170 25 10
8 2 11819.5 10180 25 10
8 2 11819.5 10155 25 10
8 2 11819.5 10173 40 10
8 2 11819.5 10121 40 10
8 2 11819.5 10232 34 10
8 2 11819.5 10190 25 10
8 2 11829.5 10205 25 10
8 2 11829.5 10190 30 10
8 2 11829.5 10160 25 10
8 2 11829.5 10205 25 10
8 2 11829.5 10140 25 10
8 2 11829.5 10170 25 10
8 2 11829.5 10160 30 10
8 2 11829.5 10171 38 10
8 2 11829.5 10181 37 10
8 2 11829.5 10256 35 10
8 2 11829.5 10175 25 10
8 2 11839.5 10195 30 10
8 2 11839.5 10240 25 10
8 2 11839.5 10200 25 10
8 2 11839.5 10180 30 10
8 2 11839.5 10185 25 10
8 2 11839.5 10215 20 10
8 2 11839.5 10230 20 10
8 2 11839.5 10237 36 10
8 2 11849.5 10250 25 10
8 2 11849.5 10235 25 10
8 2 11849.5 10205 25 10
8 2 11849.5 10230 25 10
8 2 11849.5 10240 25 10
8 2 11849.5 10255 25 10
8 2 11849.5 10175 30 10
8 2 11849.5 10235 37 10
8 2 11849.5 10237 37 10
8 2 11849.5 10305 37 10
8 2 11849.5 10175 30 10
8 2 11859.5 10230 25 10
8 2 11859.5 10235 25 10
8 2 11869.5 10250 20 10
8 2 11869.5 10255 25 10
8 2 11879.5 10290 20 10
8 2 11879.5 10250 25 10
8 2 11879.5 10265 25 10
8 2 11879.5 10250 25 10
8 2 11879.5 10250 20 10
9 1 950.0 1046 19 1
9 1 950.0 1057 18 1
9 1 951.0 1038 19 1
9 1 951.0 1109 19 1
9 1 951.0 1088 15 1
9 1 952.0 1077 19 1
9 1 952.0 1105 18 1
9 1 952.0 1067 15 1
9 1 953.0 1014 19 1
9 1 953.0 1119 19 1
9 1 953.0 1079 20 1
9 1 953.0 1062 17 1
9 1 954.0 1082 19 1
9 1 954.0 1081 18 1
9 1 954.0 1059 19 1
9 1 954.0 1064 15 1
9 1 955.0 1024 18 1
9 1 955.0 1066 18 1
9 1 955.0 1052 20 1
9 1 955.0 1050 15 1
9 1 956.0 1063 18 1
9 1 956.0 1097 19 1
9 1 956.0 1053 20 1
9 1 956.0 1023 18 1
9 1 956.0 1053 18 1
9 1 956.0 1068 20 1
9 1 956.0 1042 15 1
9 1 957.0 1082 18 1
9 1 957.0 1163 19 1
9 1 957.0 1112 20 1
9 1 957.0 1058 19 1
9 1 957.0 1129 20 1
9 1 957.0 1050 20 1
9 1 957.0 1057 15 1
9 1 958.0 1147 18 1
9 1 958.0 1161 20 1
9 1 958.0 1113 18 1
9 1 958.0 1125 18 1
9 1 958.0 1116 20 1
9 1 958.0 1136 15 1
9 1 959.0 1100 18 1
9 1 959.0 1142 18 1
9 1 959.0 1135 20 1
9 1 959.0 1131 15 1
9 1 960.0 1095 18 1
9 1 960.0 1123 18 1
9 1 960.0 1175 19 1
9 1 960.0 1120 15 1
9 1 1170.0 1219 18 1
9 1 1170.0 1200 15 1
9 1 1171.0 1230 18 1
9 1 1171.0 1217 15 1
9 1 1172.0 1235 19 1
9 1 1172.0 1238 15 1
9 1 1173.0 1203 18 1
9 1 1173.0 1218 15 1
9 1 1174.0 1230 19 1
9 1 1174.0 1208 15 1
9 1 1175.0 1206 18 1
9 1 1175.0 1217 19 1
9 1 1175.0 1211 15 1
9 1 1176.0 1254 19 1
9 1 1176.0 1218 18 1
9 1 1176.0 1248 15 1
9 1 1177.0 1311 19 1
9 1 1177.0 1292 15 1
9 1 1178.0 1334 18 1
9 1 1178.0 1350 15 1
9 1 1179.0 1335 15 1
9 1 1179.0 1310 19 1
9 1 1180.0 1324 15 1
9 1 1180.0 1318 18 1
9 2 1170.0 1242 16 1
9 2 1171.0 1236 16 1
9 2 1172.0 1210 16 1
9 2 1173.0 1224 16 1
9 2 1174.0 1206 16 1
9 2 1175.0 1219 16 1
9 2 1176.0 1259 16 1
9 2 1177.0 1322 16 1
9 2 1178.0 1340 16 1
9 2 1179.0 1323 16 1
9 2 1180.0 1325 16 1
9 3 1170.0 1236 16 1
9 3 1171.0 1217 16 1
9 3 1172.0 1228 16 1
9 3 1173.0 1211 16 1
9 3 1174.0 1195 16 1
9 3 1175.0 1208 16 1
9 3 1176.0 1267 16 1
9 3 1177.0 1338 16 1
9 3 1178.0 1325 16 1
9 3 1179.0 1315 16 1
9 3 1180.0 1330 16 1
9 4 1170.0 1236 18 1
9 4 1171.0 1235 19 1
9 4 1172.0 1234 18 1
9 4 1173.0 1207 19 1
9 4 1174.0 1224 18 1
9 4 1175.0 1246 18 1
9 4 1176.0 1304 18 1
9 4 1177.0 1344 19 1
9 4 1178.0 1350 19 1
9 4 1179.0 1307 18 1
9 4 1180.0 1368 20 1
9 5 1170.0 1231 19 1
9 5 1171.0 1219 18 1
9 5 1172.0 1220 18 1
9 5 1173.0 1248 18 1
9 5 1174.0 1187 18 1
9 5 1175.0 1192 18 1
9 5 1176.0 1225 19 1
9 5 1177.0 1285 19 1
9 5 1178.0 1316 18 1
9 5 1179.0 1356 18 1
9 5 1180.0 1328 19 1
9 6 1170.0 1237 19 1
9 6 1171.0 1212 18 1
9 6 1172.0 1212 18 1
9 6 1173.0 1192 19 1
9 6 1174.0 1202 18 1
9 6 1175.0 1189 18 1
9 6 1176.0 1245 18 1
9 6 1177.0 1288 18 1
9 6 1178.0 1328 18 1
9 6 1179.0 1316 18 1
9 6 1180.0 1356 18 1
